20 200
(11, 3, 28)
(18, 16, 8)
(3, 3, 4)
(5, 8, 14)
(2, 11, 71)
(13, 9, 43)
(0, 9, 47)
(15, 17, 94)
(18, 13, 81)
(11, 1, 81)
(19, 10, 92)
(4, 9, 85)
(2, 10, 19)
(19, 6, 75)
(6, 14, 95)
(18, 13, 81)
(18, 8, 13)
(17, 19, 52)
(19, 5, 52)
(7, 13, 15)
(3, 0, 84)
(14, 10, 3)
(7, 16, 7)
(1, 6, 52)
(7, 17, 72)
(18, 6, 82)
(5, 5, 77)
(12, 7, 36)
(10, 15, 29)
(7, 9, 64)
(8, 16, 63)
(8, 14, 29)
(12, 14, 23)
(13, 11, 28)
(7, 17, 13)
(12, 10, 6)
(11, 6, 8)
(10, 15, 62)
(6, 8, 87)
(18, 7, 75)
(13, 15, 24)
(3, 4, 17)
(9, 16, 52)
(18, 1, 57)
(1, 16, 59)
(7, 15, 16)
(8, 16, 58)
(19, 8, 81)
(4, 11, 71)
(3, 19, 77)
(16, 15, 73)
(12, 18, 37)
(16, 12, 4)
(12, 17, 8)
(13, 4, 32)
(18, 14, 1)
(1, 7, 0)
(10, 4, 7)
(4, 4, 94)
(2, 2, 43)
(10, 12, 64)
(12, 11, 80)
(4, 14, 22)
(19, 2, 75)
(17, 3, 61)
(14, 5, 18)
(11, 5, 28)
(18, 1, 92)
(2, 5, 18)
(13, 17, 15)
(11, 13, 62)
(4, 6, 95)
(3, 16, 33)
(0, 14, 57)
(0, 8, 14)
(19, 15, 54)
(18, 11, 97)
(11, 9, 32)
(11, 8, 74)
(14, 5, 68)
(18, 9, 48)
(3, 18, 43)
(9, 4, 57)
(15, 14, 44)
(7, 7, 54)
(13, 12, 66)
(9, 17, 90)
(6, 0, 13)
(6, 12, 96)
(10, 6, 96)
(19, 18, 9)
(17, 16, 2)
(4, 14, 67)
(9, 15, 43)
(2, 3, 39)
(14, 10, 77)
(13, 16, 10)
(4, 0, 28)
(19, 3, 68)
(16, 4, 47)
(8, 10, 35)
(13, 19, 90)
(2, 11, 13)
(9, 1, 11)
(0, 16, 70)
(6, 7, 33)
(10, 13, 2)
(17, 13, 88)
(9, 11, 62)
(14, 18, 81)
(0, 12, 11)
(7, 6, 77)
(19, 1, 93)
(13, 10, 26)
(5, 17, 7)
(15, 10, 77)
(5, 9, 17)
(13, 5, 89)
(17, 11, 7)
(15, 4, 16)
(0, 19, 90)
(10, 12, 30)
(19, 2, 5)
(18, 16, 77)
(18, 16, 46)
(1, 0, 42)
(19, 16, 48)
(0, 0, 15)
(6, 2, 47)
(10, 6, 53)
(13, 13, 54)
(11, 10, 91)
(14, 12, 16)
(5, 9, 92)
(16, 16, 95)
(18, 10, 14)
(12, 14, 6)
(3, 8, 10)
(5, 12, 47)
(16, 0, 98)
(18, 5, 54)
(4, 7, 70)
(11, 7, 15)
(1, 2, 22)
(9, 1, 52)
(4, 4, 30)
(6, 7, 96)
(3, 4, 21)
(17, 17, 2)
(12, 13, 80)
(0, 11, 56)
(5, 10, 98)
(9, 17, 13)
(7, 0, 63)
(10, 8, 50)
(14, 11, 61)
(7, 12, 36)
(13, 14, 89)
(11, 7, 42)
(3, 14, 43)
(1, 14, 32)
(12, 14, 83)
(8, 10, 87)
(3, 3, 88)
(13, 11, 38)
(2, 0, 16)
(14, 17, 85)
(8, 7, 34)
(7, 0, 15)
(7, 12, 6)
(9, 10, 85)
(12, 5, 49)
(15, 1, 48)
(17, 13, 89)
(12, 5, 88)
(13, 8, 50)
(9, 5, 32)
(11, 6, 60)
(13, 16, 19)
(6, 5, 40)
(0, 13, 81)
(15, 18, 22)
(19, 16, 23)
(4, 0, 23)
(8, 18, 40)
(12, 11, 64)
(2, 9, 35)
(2, 10, 53)
(19, 8, 66)
(16, 17, 15)
(12, 16, 39)
(15, 16, 53)
(15, 1, 26)
(12, 12, 50)
(14, 13, 59)
(16, 0, 67)
(18, 4, 5)
(1, 6, 18)
(3, 15, 79)
(9, 7, 31)
s 12 11
i 19 16 27
s 3 7
s 18 19
u 8 0 81
d 2 14
s 5 7
s 2 4
s 18 2
i 10 2 31
i 12 10 20
s 12 15
d 2 18
s 14 16
u 4 19 89
u 15 14 -21
u 0 12 -50
s 2 1
u 10 17 97
s 5 2
i 5 2 17
u 2 6 -42
d 0 18
u 19 13 2
u 19 19 52
u 2 10 -3
s 8 10
s 5 14
d 8 16
s 2 10
u 8 12 -4
d 18 18
i 13 7 11
s 7 17
s 17 10
u 3 7 63
s 10 2
i 5 16 89
u 12 14 -10
u 14 12 0
u 8 2 -13
s 6 5
d 18 14
s 7 0
s 6 13
s 15 3
d 2 7
s 13 11
d 2 19
d 7 11
u 14 2 9
s 8 14
s 2 0
i 14 7 95
s 6 8
s 16 18
s 8 16
i 0 5 82
u 4 5 -17
u 12 8 60
u 9 13 92
d 13 12
d 4 13
d 15 10
s 14 10
s 10 14
i 12 11 99
u 0 12 -14
s 14 17
u 12 15 -42
s 3 2
i 12 6 42
i 13 14 87
d 10 14
s 16 7
d 12 17
u 15 13 85
s 9 8
u 11 16 41
u 0 4 46
s 8 6
d 15 10
s 6 17
s 11 15
s 4 10
u 3 6 56
i 15 17 34
i 19 11 26
u 2 2 20
s 4 2
s 6 4
s 15 0
s 18 14
d 13 6
s 1 9
i 8 15 78
s 3 4
s 13 8
s 1 16
i 19 14 81
s 5 9
s 10 14
u 17 11 -36
d 17 5
s 7 9
d 3 2
i 1 13 17
s 4 4
s 12 5
u 14 2 23
s 2 6
d 14 19
d 3 11
u 4 11 87
d 5 6
s 4 7
i 8 11 66
s 12 1
d 16 10
s 12 4
s 17 8
s 19 19
d 2 17
d 10 9
s 2 2
u 9 1 -9
u 19 4 84
i 1 2 85
d 16 8
s 14 16
s 0 8
s 7 17
s 0 0
i 8 15 63
s 3 3
s 16 9
s 4 7
i 12 16 50
s 2 14
s 19 14
u 14 16 60
s 3 1
i 4 16 41
s 16 17
s 2 5
u 7 5 1
s 4 11
s 4 14
u 2 18 8
s 16 0
s 3 9
d 6 8
s 15 5
s 6 13
u 13 19 -42
i 17 13 36
s 14 6
u 8 10 12
s 19 11
i 0 6 79
s 11 15
s 11 0
i 10 18 31
u 9 1 36
s 9 11
u 3 7 12
s 18 1
s 3 13
i 13 15 93
s 0 17
s 6 5
s 2 19
i 10 1 69
s 7 17
u 7 2 77
i 10 8 66
s 17 3
s 13 19
i 9 15 38
s 12 6
i 13 10 86
d 19 6
s 10 19
i 15 3 4
s 12 9
u 10 16 40
s 13 18
s 18 0
d 18 17
u 16 18 2
u 5 11 11
s 5 18
s 2 13
s 15 16
s 3 4
s 15 15
d 19 18
u 11 13 74
u 16 19 38
u 9 13 13
d 3 9
s 10 14
s 10 0
i 3 11 90
s 1 3
s 4 9
u 0 18 72
s 18 4
s 7 13
s 14 2
u 16 19 53
i 7 0 39
u 3 1 -33
u 7 1 13
d 10 10
s 17 5
i 4 4 40
d 4 8
s 16 18
s 19 4
s 16 7
s 13 7
s 19 9
d 6 17
s 6 1
i 11 9 29
u 8 9 60
u 15 2 62
s 5 8
u 18 5 -7
s 1 3
u 6 16 -26
s 17 17
s 18 1
s 17 18
s 15 14
s 10 2
d 4 15
i 18 17 96
s 16 14
s 0 1
s 5 11
s 16 3
s 2 2
s 1 6
i 5 13 77
d 3 12
s 9 7
s 4 18
s 19 8
s 8 19
i 7 10 94
s 13 1
s 12 13
s 5 3
u 16 7 70
d 14 5
d 14 7
s 0 18
u 2 0 6
s 7 17
i 17 8 55
s 8 12
i 18 14 7
s 10 7
u 2 0 19
s 11 16
u 4 13 79
d 12 12
i 1 0 2
s 17 18
s 18 9
u 12 13 -50
s 10 1
i 6 13 84
u 11 7 -35
s 17 3
s 10 3
d 10 8
i 5 7 61
d 8 9
s 15 18
s 10 8
s 12 7
s 5 16
s 13 18
s 9 2
s 14 9
s 19 13
u 2 9 -48
s 15 1
s 1 5
s 13 11
s 19 10
s 0 4
u 6 12 -36
s 4 13
s 16 3
i 8 0 84
s 6 10
i 14 14 30
d 6 14
i 12 8 61
i 6 5 57
i 15 17 64
d 12 0
s 13 13
s 6 11
i 8 4 86
s 17 5
s 1 9
i 18 18 13
s 3 5
u 16 5 97
d 13 9
d 6 18
s 17 3
d 0 12
s 1 11
u 0 6 -29
s 6 7
d 14 1
s 12 1
s 13 2
d 18 7
s 16 7
s 11 11
i 19 14 83
d 18 7
s 11 19
i 12 11 96
s 2 14
s 17 15
s 0 7
u 5 11 -5
s 12 2
d 16 16
s 17 5
s 2 12
d 12 9
s 6 5
u 17 18 -3
s 17 2
s 3 7
d 5 17
d 0 3
d 18 16
i 0 9 38
s 13 2
s 11 19
s 3 1
s 4 11
d 0 9
u 1 15 69
i 5 1 62
s 5 2
i 4 17 12
i 0 19 5
s 16 14
s 7 10
s 0 9
s 9 16
s 18 8
s 15 1
i 13 10 82
s 11 17
d 8 16
s 5 4
s 13 10
d 18 16
u 3 13 58
s 3 13
i 10 6 38
s 4 13
s 9 12
s 2 8
u 6 4 49
u 18 5 81
d 11 15
s 15 17
u 4 5 7
s 2 15
s 17 9
d 9 1
s 7 3
u 7 4 40
u 17 11 -25
s 9 14
s 5 18
d 14 12
u 15 17 -34
u 17 14 10
s 6 11
i 8 1 29
u 6 0 -21
u 2 0 24
s 8 8
s 3 19
s 14 14
s 11 10
s 5 1
s 6 11
s 13 17
d 17 14
s 1 2
d 1 7
d 14 10
i 16 18 90
d 16 3
u 16 5 -19
s 8 8
i 18 15 46
d 16 19
s 16 5
s 13 4
d 8 16
d 18 17
u 0 12 -5
s 0 16
s 13 11
i 19 17 82
s 1 0
s 7 17
u 1 16 54
i 14 17 70
d 16 10
s 15 15
i 14 6 1
s 6 10
i 9 6 32
s 9 4
s 9 7
s 12 10
s 10 8
s 5 9
s 1 8
s 5 4
u 16 18 55
i 11 10 17
d 17 13
u 10 8 39
s 16 15
i 15 15 7
i 11 16 11
u 10 13 93
s 4 14
i 10 3 0
s 10 17
s 2 0
u 7 1 64
u 17 19 18
u 7 15 -50
d 8 12
s 3 7
u 2 13 76
u 3 16 70
s 1 15
u 10 15 -37
s 13 15
u 14 13 -5
u 15 5 -27
i 11 13 45
s 5 18
d 3 12
d 18 11
s 10 11
s 14 18
u 14 3 -15
s 17 13
d 4 5
i 0 7 25
i 7 6 1
d 0 2
s 12 8
s 4 16
i 12 5 82
d 8 18
d 4 7
s 11 17
s 16 19
u 3 5 53
s 3 2
u 9 8 13
u 6 5 -24
s 17 13
i 5 7 66
u 16 17 -48
i 15 0 87
s 19 2
d 14 3
s 8 17
i 2 19 19
s 0 12
i 8 18 53
u 12 19 -41
s 12 8
d 1 8
d 19 2
s 2 11
s 2 4
u 12 12 43
s 6 17
i 19 3 28
u 6 12 10
u 11 5 45
d 17 16
i 9 2 21
s 11 9
s 1 16
u 15 19 23
i 7 1 93
u 18 15 -32
u 16 16 70
u 7 2 70
i 19 14 35
i 15 17 55
u 12 5 -5
u 13 6 -27
s 15 14
u 8 13 -1
i 16 7 72
u 15 7 67
i 9 18 33
d 16 14
s 9 1
s 9 2
i 19 3 27
d 18 11
i 10 8 70
s 3 19
u 11 0 4
s 5 12
d 3 13
d 17 6
s 5 19
u 4 13 55
u 7 12 -12
s 4 17
s 2 19
d 18 13
u 6 12 11
d 5 4
s 12 13
u 5 17 53
s 11 15
u 19 5 0
d 3 4
s 10 11
s 11 10
s 10 11
s 13 18
s 18 11
s 19 19
u 5 15 79
u 1 1 50
i 9 0 35
u 0 5 87
i 5 8 50
u 11 0 14
s 13 8
u 17 10 25
s 4 8
s 17 11
s 19 15
u 19 17 39
i 7 16 65
s 12 1
u 13 17 -49
d 14 10
s 10 2
s 18 8
i 2 8 55
i 16 19 37
u 11 10 -30
i 3 3 23
i 16 16 31
i 0 19 95
d 9 3
s 9 3
u 9 1 -1
i 0 4 69
u 0 6 -8
s 9 17
s 17 9
s 18 10
s 4 9
s 7 2
s 6 5
d 17 4
d 0 10
u 6 5 -17
s 1 18
u 11 9 98
i 12 9 45
d 16 17
s 1 6
u 0 1 -19
i 18 19 44
u 10 3 71
s 18 8
s 15 3
d 16 9
u 5 0 31
i 12 3 27
s 18 4
s 7 10
s 1 19
u 7 9 -18
s 14 7
d 10 17
s 18 7
s 17 5
s 19 6
u 14 3 83
u 2 9 41
d 16 11
u 1 8 66
u 12 7 99
s 14 4
s 17 13
i 7 5 96
s 13 4
i 6 2 96
s 6 6
s 14 3
d 1 19
u 16 18 15
u 14 17 81
d 15 4
u 11 0 -9
u 12 17 -26
s 11 16
s 10 4
d 19 8
s 16 6
s 14 10
s 0 1
s 8 17
u 9 8 -39
s 10 17
s 4 0
d 2 9
s 19 19
u 5 11 12
i 1 11 75
s 7 3
s 1 13
s 14 16
i 16 18 15
u 1 0 -23
s 3 5
s 1 11
i 11 13 30
s 16 14
s 5 4
i 2 18 87
s 14 9
s 19 3
s 1 1
u 2 9 6
i 17 18 74
s 9 4
d 17 19
s 5 13
s 7 2
s 6 8
s 18 4
s 14 0
d 3 9
s 13 17
u 12 5 -44
s 11 7
i 2 1 62
u 11 7 -3
i 11 19 15
s 3 2
d 3 0
u 2 2 93
i 12 13 41
u 15 10 26
d 16 11
s 13 11
s 6 9
s 6 7
u 16 8 17
s 3 5
i 8 6 28
s 9 6
s 13 5
i 12 9 31
d 17 13
s 0 4
i 18 18 4
u 17 7 87
i 12 12 54
s 10 15
s 10 19
d 10 12
s 9 0
i 3 15 67
d 14 4
u 13 11 51
d 0 3
i 15 8 63
s 12 19
s 5 9
s 18 19
s 2 18
s 11 13
s 13 1
d 2 16
d 14 6
u 11 6 -10
s 4 12
d 18 4
i 12 19 44
s 5 7
s 15 7
s 16 4
s 19 13
i 17 18 91
d 12 18
s 7 10
i 10 17 0
d 17 10
s 19 8
d 10 5
i 13 0 12
s 18 7
s 0 4
u 10 10 20
d 4 6
s 19 3
u 9 12 74
s 12 0
s 3 10
s 5 0
u 15 9 69
s 4 15
i 6 13 45
s 12 14
s 18 6
s 13 10
s 10 17
u 18 9 33
i 12 12 80
s 13 10
s 9 4
u 2 9 -30
s 8 11
u 12 11 23
s 12 14
i 5 6 37
s 8 16
d 19 16
u 2 15 40
u 16 6 3
s 12 11
s 4 3
d 3 0
s 7 3
s 1 11
s 2 0
u 4 18 -35
d 4 18
i 0 11 60
s 4 0
u 3 3 -8
s 9 15
u 12 6 -35
d 6 14
s 11 10
d 3 14
i 13 17 52
s 10 2
u 8 16 -22
d 15 9
u 15 17 14
i 19 2 51
s 7 5
s 11 13
s 11 6
d 19 18
s 14 8
d 5 16
u 15 2 -11
s 6 7
s 9 7
s 19 12
s 7 14
s 4 19
u 8 19 20
i 2 15 67
i 9 1 90
s 8 13
i 2 2 70
u 6 7 -25
s 0 5
d 12 9
i 15 13 74
s 3 11
i 11 14 82
u 6 16 23
i 4 6 5
s 7 8
s 10 7
i 11 0 38
s 18 9
s 8 16
u 13 5 -21
d 2 19
d 19 14
s 9 16
i 17 3 82
s 13 15
i 10 18 44
s 18 0
s 8 19
i 19 5 64
s 12 9
s 15 6
i 5 6 53
s 17 15
d 17 11
s 14 17
s 1 11
s 1 2
s 1 2
i 0 15 51
u 17 8 26
d 13 17
s 6 19
s 13 1
u 17 0 63
s 9 0
s 1 15
i 5 0 2
i 2 18 54
u 4 14 45
s 19 1
d 13 17
s 11 2
i 15 5 97
u 13 9 88
u 1 17 42
s 13 14
i 17 1 48
i 14 12 48
s 17 5
s 2 1
i 0 4 54
u 13 2 41
d 6 14
s 10 4
u 5 8 -2
i 9 9 11
s 5 14
i 10 2 3
s 10 3
i 4 13 47
s 0 4
s 18 2
s 0 15
s 17 6
s 16 12
s 1 4
s 3 19
s 16 9
s 12 11
s 5 15
s 10 7
u 16 13 93
u 5 13 52
d 11 18
d 3 16
s 6 17
d 0 12
d 13 14
u 4 5 -28
s 14 8
d 4 0
s 2 16
s 19 19
u 13 13 87
i 12 19 65
s 12 0
d 5 8
i 19 14 36
d 12 7
d 19 15
s 2 15
s 10 1
s 13 4
i 11 12 77
d 9 19
s 16 2
s 7 2
s 7 15
d 9 8
s 10 16
i 18 11 64
i 14 10 91
s 13 6
s 6 16
s 18 10
u 0 10 42
d 5 5
s 14 13
d 19 0
i 1 17 21
i 19 15 24
i 8 11 26
i 18 7 39
u 16 4 43
s 15 10
u 5 2 -32
s 19 12
s 6 15
u 11 9 47
s 6 11
s 11 10
i 15 16 16
d 6 19
s 15 18
i 17 9 43
s 6 7
d 16 13
i 10 10 9
s 10 14
d 9 6
s 3 3
i 19 10 50
u 3 10 50
i 6 17 30
s 11 2
s 9 6
s 6 10
u 0 0 -17
s 0 1
u 16 10 -24
s 4 9
d 13 6
i 10 7 34
d 2 5
u 10 16 17
s 14 8
s 19 7
s 17 5
u 2 15 43
s 14 11
u 18 1 -47
s 16 6
s 6 16
u 5 2 -37
i 1 15 51
s 11 9
i 13 12 14
d 19 8
s 1 18
s 14 6
u 3 18 -24
d 9 2
u 15 19 -39
s 16 18
u 17 11 30
u 9 1 51
s 18 2
u 17 11 16
i 1 4 28
s 3 6
s 10 11
i 2 14 98
s 5 18
s 2 16
d 19 3
u 6 6 -37
s 10 14
s 13 8
s 7 11
u 11 9 24
s 5 6
s 16 14
s 10 18
u 11 15 31
u 8 10 -4
s 7 4
u 17 5 38
s 1 1
d 9 9
s 9 16
s 11 2
i 12 13 26
i 19 3 6
u 0 0 -34
i 11 10 56
s 0 14
s 2 4
s 7 16
i 0 10 13
u 2 6 -18
u 18 6 91
s 0 11
s 19 13
i 19 10 43
d 18 4
s 7 7
s 10 1
d 3 7
i 18 8 44
d 4 4
s 8 12
s 10 10
d 15 15
s 4 3
s 10 12
s 6 5
i 14 18 43
s 14 3
d 15 18
d 7 1
i 19 15 18
i 12 19 68
d 13 6
i 15 14 5
s 5 3
s 14 10
u 2 18 -40
i 16 5 25
s 4 7
s 18 2
s 4 2
u 10 12 -20
s 13 2
s 3 9
u 18 4 48
i 15 4 32
i 10 17 63
d 12 18
s 7 2
s 4 12
s 17 13
i 15 17 26
s 8 1
d 4 10
d 11 7
u 12 19 45
s 0 6
i 4 11 11
s 9 14
s 18 7
u 10 9 82
s 10 17
i 4 6 96
s 4 9
d 7 13
i 14 6 3
s 18 0
s 0 18
d 5 13
s 2 4
u 3 9 -43
s 13 7
s 2 2
s 11 19
u 18 2 -49
s 0 13
d 10 8
i 1 7 34
d 1 9
s 5 12
s 14 18
s 18 4
i 14 7 45
s 14 5
s 4 16
u 15 17 7
i 10 7 29
u 14 12 -17
s 13 13
s 1 8
s 16 17
s 16 9
u 1 8 89
u 0 9 81
s 14 14
s 1 8
s 6 18
s 9 2
u 19 11 80
s 16 19
u 9 9 -43
d 5 15
s 2 8
u 9 4 82
d 3 2
d 13 5
s 5 11
d 6 11
d 10 16
u 10 6 59
d 18 5
s 16 11
s 4 3
s 12 13
i 6 12 8
s 8 2
s 14 13
s 10 11
s 13 4
s 4 11
i 3 16 26
s 16 10
s 0 17
d 17 3
s 19 9
i 14 3 14
s 5 7
s 11 14
s 3 6
s 6 15
s 3 1
i 8 8 25
s 10 9
i 18 3 57
i 5 3 16
i 9 2 47
d 13 15
s 5 6
d 17 3
u 8 14 -27
d 6 6
s 19 3
i 3 19 60
i 10 3 78
s 3 6
s 2 8
s 12 9
i 5 2 8
d 14 2
i 10 3 10
i 16 18 61
s 17 9
s 14 17
s 1 18
s 18 9
s 16 14
d 13 13
i 11 3 88
s 4 11
s 2 9
d 7 4
s 4 17
s 0 4
d 3 9
s 14 2
s 4 1
s 7 12
i 11 10 32
d 11 2
s 12 17
d 15 16
i 6 15 45
d 17 8
u 13 4 10
d 3 1
s 13 18
s 8 0
s 18 3
i 14 19 63
d 6 17
s 19 9
s 3 4
d 5 6
u 0 19 -40
s 6 3
i 15 5 24
s 10 12
s 10 14
u 15 5 0
s 18 1
d 7 11
d 7 1
i 19 5 24
s 0 5
d 8 8
i 1 15 28
s 3 2
s 5 12
i 12 6 27
s 15 7
i 14 3 91
s 18 12
s 15 2
s 3 1
u 17 18 25
s 10 13
s 18 2
s 14 0
d 10 8
d 5 18
i 5 11 29
s 4 15
s 8 14
s 16 18
s 17 12
s 19 9
d 14 8
u 2 10 86
u 4 8 96
d 7 11
u 9 10 30
s 3 7
s 15 18
s 16 10
u 11 0 -25
i 1 7 96
u 10 8 -41
u 13 15 71
d 8 10
i 3 4 98
s 14 9
d 5 3
u 18 13 16
s 0 9
s 8 4
d 13 13
d 14 1
s 4 17
s 10 17
u 18 4 64
s 4 11
i 0 12 57
d 12 4
s 3 5
s 18 11
u 2 4 90
s 1 19
s 19 9
i 19 13 65
i 2 12 35
s 2 5
s 7 15
u 5 12 28
d 17 9
s 3 0
d 0 15
i 10 13 0
s 2 15
s 0 9
s 14 17
s 1 0
i 16 13 40
d 12 8
s 2 17
s 16 2
u 2 9 69
s 12 18
s 1 10
i 17 6 84
s 17 9
s 11 2
s 16 1
i 16 12 68
s 3 8
s 7 17
s 18 5
i 19 12 18
u 9 6 -7
s 6 17
s 1 0
s 13 0
s 3 10
s 3 11
u 17 0 94
s 19 3
d 16 17
i 16 14 44
d 7 18
d 10 13
s 15 8
s 15 18
s 0 19
s 9 16
s 2 12
i 2 6 98
s 10 13
s 9 18
u 16 12 35
i 3 2 67
s 2 11
i 11 6 94
u 8 8 8
u 11 1 49
d 12 4
u 8 9 -37
s 2 4
s 9 16
u 18 1 3
i 3 2 24
i 11 1 70
s 16 16
i 11 4 64
s 5 19
d 16 19
d 4 7
d 10 12
u 9 16 -20
s 12 17
i 3 13 32
d 0 11
i 15 2 24
s 3 13
u 16 15 74
s 18 8
d 6 4
u 19 3 -41
s 18 14
u 14 12 -2
d 12 13
s 5 14
d 18 18
s 7 4
u 8 7 15
d 13 2
s 5 1
s 18 19
u 0 3 11
u 3 18 -6
d 17 4
s 10 1
s 14 12
d 15 9
s 12 13
s 14 7
s 12 14
d 16 5
d 3 0
u 16 9 -38
s 12 11
u 4 9 -27
s 12 3
d 12 19
i 9 17 19
s 15 2
s 12 4
i 6 0 21
s 14 8
u 13 6 -7
s 12 17
s 6 12
s 11 10
u 19 8 1
s 16 5
d 10 19
u 0 8 -29
d 16 17
s 16 12
s 4 2
s 7 8
s 14 2
i 5 11 40
d 19 12
s 19 15
i 14 6 60
u 4 17 1
u 6 2 84
s 8 13
s 19 5
d 18 14
s 11 8
s 12 0
d 15 13
s 10 6
i 9 11 22
i 9 10 5
d 2 19
s 12 11
s 8 15
s 1 2
i 19 15 39
s 2 6
d 6 11
s 14 16
i 10 9 28
s 15 13
s 2 13
d 10 16
i 11 3 58
s 14 15
s 0 2
s 8 2
s 19 0
u 17 8 -48
s 11 17
d 16 9
i 7 16 57
s 14 10
s 19 10
d 15 17
s 13 9
d 6 16
d 16 6
i 8 16 0
s 6 11
d 17 9
i 3 9 43
s 4 9
s 8 17
s 12 8
s 0 9
s 1 4
s 7 13
s 13 12
s 10 8
i 0 14 48
u 10 16 2
s 0 13
d 12 4
s 9 9
i 15 12 76
d 16 3
u 13 17 -23
i 11 14 14
u 16 10 43
i 3 3 54
d 15 12
s 12 15
u 9 3 -4
u 1 9 -26
u 13 10 49
s 0 18
s 4 11
s 19 2
s 12 9
s 11 8
i 4 15 24
d 15 15
s 10 9
s 10 11
u 14 6 44
s 12 2
s 13 0
u 18 3 48
i 9 11 16
d 13 10
u 8 17 -18
i 19 18 6
s 5 8
s 11 18
s 2 1
s 16 13
u 9 1 17
s 0 12
s 5 5
i 16 17 58
s 9 6
d 16 13
d 12 6
d 0 2
d 11 3
s 4 7
d 12 2
u 2 10 29
d 8 17
i 8 17 11
d 7 14
i 0 12 70
d 16 11
u 16 10 -9
u 6 4 18
s 14 17
u 1 18 78
d 16 3
s 8 18
s 16 15
i 14 4 62
s 10 1
s 1 10
s 7 0
i 15 13 8
s 14 11
u 5 11 -19
s 16 19
s 12 10
s 9 15
d 19 14
u 13 4 12
s 7 19
s 6 5
s 5 15
i 1 19 82
d 8 16
s 8 1
s 16 12
s 5 9
s 13 0
s 8 1
i 2 15 93
s 4 0
s 8 10
s 9 18
s 18 0
s 12 19
s 16 4
s 1 3
i 1 17 44
s 13 12
i 4 6 70
s 3 18
s 5 3
s 7 15
s 7 14
s 3 15
s 5 7
s 1 4
s 8 8
s 14 8
d 6 3
d 6 6
d 7 9
i 9 5 38
s 9 8
u 8 3 96
s 7 11
s 18 1
s 7 13
u 4 8 -25
i 12 9 8
s 2 3
s 7 13
s 4 0
u 16 19 49
i 10 3 39
i 9 13 87
d 16 19
s 9 12
u 1 12 -11
u 1 14 81
d 18 19
i 19 17 87
s 5 10
d 18 15
d 17 15
u 7 12 -8
d 3 7
d 7 8
i 7 9 51
s 15 6
d 5 19
u 4 14 -7
u 12 10 -12
i 15 14 36
s 19 17
u 16 2 -6
u 5 17 -47
d 17 13
s 7 3
i 18 13 69
d 14 0
d 6 16
s 0 19
u 15 17 81
i 7 2 26
s 1 6
s 4 8
s 19 6
s 11 17
s 8 19
u 16 12 -8
s 1 14
d 7 3
s 9 14
s 15 17
d 16 1
s 17 16
s 13 17
s 19 6
s 8 8
s 15 2
s 19 2
s 13 11
d 4 16
d 12 3
d 16 3
s 15 15
s 7 5
s 4 6
s 16 18
s 13 6
s 10 16
s 1 18
d 5 14
s 10 5
d 12 17
s 4 19
d 8 13
s 14 19
s 8 7
s 4 17
s 9 9
s 14 7
i 10 3 97
u 15 0 57
i 11 0 84
i 13 8 43
u 11 15 49
i 1 5 89
s 14 16
d 11 6
s 17 0
i 8 9 69
d 3 13
d 0 11
s 17 17
s 18 16
d 1 15
u 15 5 41
s 17 2
u 5 6 96
u 8 6 54
s 8 8
u 17 6 3
s 4 2
s 0 4
s 7 13
s 5 2
u 0 7 -16
i 18 15 46
s 2 7
u 12 1 -25
d 19 8
i 10 4 84
i 13 7 40
d 16 19
s 1 15
i 10 0 42
s 10 1
d 15 10
i 11 16 38
s 16 7
s 2 13
s 7 11
u 12 1 -21
s 14 2
u 5 9 70
d 7 8
s 1 9
s 17 15
i 17 5 41
s 17 6
s 14 11
d 11 0
s 3 7
d 2 11
s 0 14
d 19 12
i 7 14 55
s 14 19
s 16 15
i 4 14 66
s 18 2
d 9 5
i 14 1 74
s 14 16
d 9 18
s 12 3
d 12 5
s 6 0
s 13 1
s 1 18
s 7 15
u 14 1 31
u 9 19 -43
d 0 8
u 17 14 35
i 8 19 99
s 9 7
s 12 11
u 10 4 61
s 15 9
s 12 7
u 6 15 -24
u 7 11 45
s 11 10
d 18 19
d 16 3
s 14 6
s 19 15
s 13 14
i 16 13 11
s 7 9
s 9 9
u 14 15 -29
i 9 17 86
s 11 6
u 10 10 25
i 15 2 1
s 5 4
s 1 13
d 15 14
s 4 1
i 3 10 47
d 0 2
i 12 10 69
i 1 8 83
u 18 7 -50
s 15 4
i 11 19 45
i 7 10 81
s 4 13
s 16 7
s 8 8
u 18 1 -14
s 5 16
i 15 8 62
s 0 11
u 11 16 -43
d 12 5
d 1 11
s 11 2
s 13 0
s 9 9
s 19 4
d 17 10
i 12 12 90
i 10 15 49
d 19 18
u 6 17 -48
d 2 6
d 6 8
s 5 16
u 6 14 -9
i 3 19 55
u 18 18 29
s 16 3
s 5 14
i 8 0 90
s 2 4
s 8 18
s 3 4
u 2 15 -24
s 10 4
u 16 0 52
d 17 13
d 7 16
s 11 15
i 17 15 65
s 11 2
d 15 19
s 9 12
u 5 14 22
s 10 0
d 7 4
s 10 10
i 6 4 10
s 3 14
d 13 13
s 11 11
i 12 4 33
s 0 8
s 17 7
i 14 7 9
d 12 17
s 6 4
s 11 16
u 3 19 33
u 12 12 57
s 18 0
s 18 10
s 8 1
u 7 7 -37
s 8 14
d 11 15
d 14 15
i 4 16 22
d 3 16
u 17 17 7
s 15 2
s 9 5
d 15 14
s 19 0
d 5 17
s 2 18
d 10 10
u 16 11 -37
i 13 5 6
i 19 1 33
s 17 16
u 19 12 -7
s 14 12
d 6 5
s 0 16
u 9 13 -6
s 1 4
i 17 14 28
s 14 19
s 12 16
d 5 16
d 11 8
i 4 14 12
s 15 14
s 14 3
s 5 1
d 7 3
i 2 12 33
d 5 17
d 15 1
u 11 8 80
u 7 13 29
s 7 3
i 4 13 33
u 16 3 14
d 16 16
d 15 10
s 6 7
u 10 3 32
s 1 5
i 19 11 66
s 8 6
d 18 19
d 19 16
s 18 2
u 8 11 -30
u 17 9 -29
s 1 1
i 9 6 97
s 5 10
s 3 17
s 13 9
s 4 6
s 14 18
u 4 3 23
s 1 15
u 1 13 -36
u 12 5 29
u 13 19 -28
i 1 19 0
i 14 15 80
d 8 3
d 16 8
s 14 7
u 19 6 23
u 3 19 -33
s 2 9
s 6 17
s 18 0
i 17 5 10
s 13 1
d 14 3
i 4 2 86
s 15 4
i 11 3 89
s 10 10
u 7 1 -8
s 16 5
s 17 14
i 13 12 56
i 2 15 26
i 2 11 6
d 2 6
u 0 10 83
u 15 17 -47
s 15 0
d 2 3
s 16 14
s 17 9
d 3 15
u 8 2 20
d 15 5
i 1 6 98
s 0 14
u 12 1 63
s 19 18
s 12 4
d 17 8
s 5 19
i 11 18 69
u 1 17 0
s 0 3
s 14 2
d 7 1
u 16 9 94
d 15 14
s 6 1
s 16 12
s 11 0
s 2 5
u 6 2 -44
i 9 15 20
s 1 7
s 7 14
i 8 11 14
s 9 10
s 14 12
i 5 17 64
s 13 13
i 19 10 75
u 6 8 57
s 19 0
s 19 8
i 16 14 90
s 11 1
u 7 12 -2
s 10 4
i 1 1 13
u 9 14 28
u 3 16 61
i 4 4 24
u 2 8 53
s 12 16
d 13 13
s 3 16
s 9 8
d 4 15
s 7 10
d 17 2
s 17 17
s 16 12
i 15 18 35
u 15 0 -39
d 5 0
s 19 11
s 19 7
s 9 10
i 7 3 89
s 19 12
s 18 18
i 17 15 82
u 4 13 -15
s 18 4
d 9 10
i 2 11 16
s 6 1
s 14 5
s 8 9
d 9 4
i 7 2 52
d 5 11
s 10 6
d 17 5
u 18 2 -9
s 11 18
s 13 18
s 2 4
s 8 2
d 13 6
d 6 2
s 1 16
s 18 16
i 8 14 88
s 0 12
s 1 17
s 5 19
s 1 1
u 19 13 39
d 1 5
s 15 9
d 18 12
d 13 8
i 8 16 89
s 11 6
s 1 8
s 8 10
s 4 18
d 0 15
s 14 16
s 14 10
d 5 2
u 2 13 89
s 4 7
s 19 4
i 19 1 45
s 14 0
i 18 1 90
s 7 10
i 7 15 95
s 0 3
d 10 7
d 17 16
s 17 19
i 2 0 24
d 9 12
u 9 6 54
s 2 16
u 13 5 -30
d 0 13
s 9 5
i 13 11 72
i 0 16 9
s 8 11
s 10 9
u 13 5 78
i 10 4 24
d 8 6
s 2 0
s 5 6
s 16 4
u 0 6 -26
s 15 6
u 18 2 32
s 7 6
u 0 15 -15
i 4 11 99
d 9 14
s 11 2
d 5 11
s 11 8
u 16 4 3
s 3 1
s 4 15
s 7 0
u 4 6 -24
u 16 19 29
i 17 3 87
s 3 10
s 8 3
s 16 16
s 10 11
s 5 1
i 3 4 88
s 13 10
s 9 6
s 17 10
s 0 5
s 9 2
s 18 4
s 19 2
u 17 14 -16
s 2 3
s 4 16
s 16 3
s 3 9
s 15 5
d 14 16
s 4 0
d 18 15
s 15 1
d 3 12
d 7 13
i 8 6 70
d 6 19
u 7 10 -19
i 7 14 49
d 0 3
s 3 0
s 17 1
s 9 0
i 16 4 61
s 1 18
s 8 14
i 7 19 81
i 19 9 40
s 2 17
s 14 9
d 15 5
i 4 10 17
s 10 6
d 7 10
u 0 6 -45
d 15 17
s 15 19
u 4 5 90
s 4 19
s 1 5
d 5 13
s 19 2
s 14 18
i 15 1 53
i 18 16 72
s 12 16
u 14 5 99
d 10 1
i 1 5 89
s 12 3
d 19 6
s 6 1
s 10 14
s 4 11
d 8 7
i 10 12 23
u 0 12 86
d 5 1
s 8 7
i 11 15 63
s 10 13
s 14 14
i 17 0 24
d 19 11
s 5 2
i 9 3 73
d 7 18
s 18 0
s 3 5
s 17 14
s 10 7
d 3 15
u 18 13 68
u 16 9 48
u 11 0 84
s 6 13
s 1 8
d 19 16
d 7 7
d 13 9
s 12 17
d 2 18
u 6 19 16
s 18 17
s 17 13
u 9 9 15
i 17 16 72
s 15 12
d 18 8
i 15 10 32
s 9 12
s 16 4
s 1 2
s 18 15
d 13 0
s 15 12
u 13 11 53
d 4 12
s 4 6
i 3 18 68
s 7 7
u 8 8 80
u 4 7 68
s 17 10
i 6 3 67
s 6 1
d 1 11
s 1 12
u 14 9 -18
s 5 3
i 5 12 44
i 2 12 64
u 3 5 -27
i 1 3 31
d 10 12
i 11 10 85
s 7 17
s 3 4
s 1 5
d 18 7
d 13 7
s 18 5
s 1 13
s 3 2
s 3 7
s 15 1
d 5 18
s 16 4
s 15 4
s 4 9
s 11 2
s 4 15
s 14 3
u 4 13 67
s 8 1
d 8 2
d 0 13
i 0 15 68
u 17 1 89
s 3 13
d 8 4
s 6 3
d 1 19
i 18 6 95
u 0 8 -35
i 14 15 82
s 18 9
d 11 9
s 13 9
s 16 11
d 12 9
s 6 3
s 19 10
i 19 12 87
s 7 18
s 0 12
s 14 2
u 11 7 71
s 13 17
i 9 1 49
d 4 11
s 6 18
s 2 16
i 12 13 26
s 13 14
u 16 8 6
s 14 6
u 14 4 -13
i 1 1 86
s 2 5
i 4 18 3
s 17 0
i 8 11 21
s 14 5
s 19 15
s 11 8
s 12 13
s 15 0
i 7 2 88
d 5 2
s 0 8
d 7 5
s 12 0
d 14 14
s 0 19
i 1 12 15
d 0 19
i 8 0 44
d 18 0
s 13 18
s 10 18
s 17 13
d 13 10
s 3 2
d 18 2
i 16 9 88
s 5 1
s 9 15
u 6 6 9
u 8 9 31
s 0 11
u 4 4 42
s 9 17
i 6 19 10
s 15 12
s 14 4
i 13 19 0
s 12 4
s 0 7
s 6 0
d 12 4
u 11 19 -26
d 9 5
u 9 14 -20
u 14 1 94
s 19 3
s 19 19
s 9 5
s 0 6
s 8 9
u 12 19 54
s 2 7
s 13 2
s 1 4
i 10 9 38
s 7 13
i 5 10 78
s 11 0
s 8 14
i 10 13 70
i 8 7 38
u 19 11 24
d 18 9
s 19 3
d 1 3
d 5 3
s 16 15
s 7 16
s 10 4
s 3 13
i 10 6 94
u 0 8 97
s 8 14
i 16 7 74
s 13 13
u 3 8 -38
s 5 11
u 4 8 56
i 8 17 82
s 11 18
s 5 16
s 1 3
i 5 13 24
s 12 0
s 18 14
d 3 4
i 6 6 18
s 16 18
u 4 14 -32
s 11 11
d 3 11
s 9 9
u 19 12 4
i 6 15 21
i 11 4 36
s 7 14
s 14 16
s 0 4
u 0 19 -27
s 15 0
s 13 0
i 15 9 20
u 16 7 58
s 16 17
u 7 13 22
s 8 11
u 9 19 -48
s 12 5
u 15 5 -44
s 9 10
i 14 3 19
u 16 5 29
s 4 17
i 12 10 79
i 16 12 54
s 9 16
d 2 9
s 0 9
s 5 15
s 19 5
d 18 6
s 15 4
s 12 15
d 15 12
u 17 8 -17
s 11 14
s 10 13
s 18 13
d 2 3
s 13 12
s 8 2
u 12 15 -36
u 5 1 -9
s 0 5
u 3 1 16
u 18 19 53
d 7 19
s 7 5
s 17 18
s 1 0
u 13 12 -48
s 0 11
u 13 13 -7
s 9 11
s 4 15
d 14 14
d 9 13
s 3 17
s 5 10
s 13 10
i 14 15 22
s 17 8
i 1 11 82
s 14 9
s 6 12
s 11 6
s 4 2
s 8 5
d 7 3
u 14 11 -2
s 16 1
i 13 10 43
s 17 5
u 15 6 -31
s 11 14
s 19 4
s 9 8
s 7 1
d 3 2
d 6 3
i 7 12 63
s 6 11
i 7 5 94
s 12 16
i 12 16 20
s 9 3
d 11 1
s 4 11
d 4 13
i 11 16 82
s 2 2
s 13 2
u 1 19 69
i 11 11 66
d 11 4
d 15 4
i 4 10 9
s 7 7
i 8 14 64
d 4 2
s 18 18
s 10 10
s 12 1
d 6 0
s 0 19
u 5 4 -26
s 11 12
s 6 0
s 4 12
d 6 18
d 11 5
s 16 1
u 15 9 7
i 11 7 40
i 2 18 87
s 4 14
s 10 18
s 9 4
i 7 17 90
s 13 16
i 4 9 20
u 10 3 -24
i 6 0 13
s 9 8
s 12 4
u 7 12 10
i 9 18 43
d 18 9
d 6 12
i 8 3 62
s 15 18
s 15 3
s 12 18
d 12 4
d 17 14
s 6 12
s 9 1
i 11 2 52
d 18 4
u 5 17 47
u 2 12 81
i 15 11 28
i 12 0 12
s 6 1
i 0 6 93
s 3 6
d 14 17
d 18 14
s 15 13
s 7 5
s 2 18
d 0 3
s 5 17
u 0 14 57
s 19 10
s 18 17
u 4 5 -14
i 5 19 40
s 19 9
s 6 10
s 2 10
u 16 11 92
s 18 3
u 7 14 69
s 1 8
d 12 15
i 0 1 56
d 7 5
u 8 13 90
i 12 7 90
s 8 4
u 5 19 74
i 11 9 68
d 0 14
s 17 7
i 13 14 29
u 3 13 -30
d 15 14
s 0 7
d 9 10
s 18 16
s 12 8
s 5 5
i 13 10 33
s 15 0
u 19 3 98
s 15 5
s 15 1
d 2 18
u 3 17 -40
s 1 12
d 14 7
u 14 6 25
i 15 5 31
s 17 19
s 8 17
d 5 19
u 15 13 -40
d 10 1
i 10 13 53
d 5 12
d 3 19
s 14 4
s 17 18
s 7 18
d 12 13
d 1 11
d 4 2
u 17 17 69
u 4 9 2
d 17 18
u 7 12 45
s 12 5
u 15 14 68
d 4 15
d 4 4
u 9 13 43
i 11 7 93
u 7 8 72
u 9 11 -34
d 18 10
s 19 15
u 6 3 38
d 11 5
s 2 2
s 14 5
s 8 11
s 14 18
d 5 3
s 5 13
u 16 5 -19
s 15 10
i 4 5 86
s 7 17
u 18 10 -17
s 13 2
s 8 8
s 12 9
s 1 0
s 10 3
i 11 16 95
i 0 8 48
u 16 7 -22
u 10 18 43
s 4 2
i 9 12 11
u 19 7 -11
u 12 2 55
u 14 10 -43
u 8 11 48
s 2 15
u 17 6 20
d 9 17
u 16 5 35
s 10 17
d 13 17
d 13 11
d 3 10
i 18 0 78
i 8 15 12
u 3 1 40
i 7 8 1
s 12 9
s 10 8
s 13 4
d 11 14
s 4 10
u 14 1 9
d 17 11
d 2 12
s 6 11
d 12 16
d 11 17
s 11 12
d 12 9
d 17 10
d 17 15
i 9 10 30
u 14 1 94
s 11 2
i 14 6 60
s 16 1
i 16 9 27
i 8 14 89
u 0 18 53
s 5 1
u 16 7 0
s 8 5
s 16 16
s 15 6
u 18 6 90
i 14 14 83
u 6 9 -48
u 12 2 74
s 13 12
u 8 17 -31
s 12 15
s 6 6
s 18 8
i 13 2 81
i 9 14 59
u 3 5 38
d 11 5
i 7 8 20
s 11 13
u 0 16 -31
s 3 3
i 15 3 48
s 2 17
s 9 6
s 18 5
d 15 5
u 2 16 6
d 4 9
u 11 5 6
s 12 3
s 1 18
d 5 4
d 18 1
d 5 14
d 14 0
u 17 5 71
s 0 9
s 17 18
d 1 2
i 10 13 33
d 8 12
s 18 19
i 18 9 20
s 9 11
s 7 8
s 15 16
d 10 10
s 10 6
s 16 5
u 8 0 70
s 18 10
d 16 19
u 3 2 88
s 4 6
s 9 9
i 1 16 69
s 10 7
s 9 14
s 4 8
s 14 7
s 8 4
u 1 4 20
s 9 7
s 7 18
i 15 18 64
u 4 6 -42
s 19 0
s 4 11
s 13 4
s 14 3
d 14 17
s 6 2
d 15 10
d 0 19
u 16 3 -9
s 15 19
s 7 9
s 11 16
s 15 5
u 17 18 -20
s 5 17
s 10 14
s 0 18
s 3 10
u 19 17 34
s 14 11
s 12 11
s 15 17
i 0 15 70
d 19 15
s 13 5
s 7 12
u 16 16 73
s 2 12
s 1 7
d 8 3
s 4 13
i 18 15 62
i 10 17 71
s 5 2
u 4 15 -50
d 3 9
u 1 9 -23
u 17 13 -20
s 0 11
s 18 5
d 5 9
s 17 18
s 11 8
u 8 17 -45
s 12 11
d 16 4
s 11 2
s 14 4
s 7 17
s 6 12
d 10 7
d 19 11
i 13 0 40
s 1 16
u 9 17 51
d 11 0
i 18 11 86
s 6 11
d 8 19
s 8 6
s 3 10
u 17 5 13
s 6 13
u 3 2 6
d 9 1
d 10 16
i 3 8 28
i 12 4 70
i 3 10 49
d 7 4
d 10 12
s 18 19
d 7 17
s 0 15
s 11 19
s 4 3
s 11 8
s 2 13
s 12 12
s 2 13
u 16 7 -28
s 18 11
s 1 1
u 8 15 9
s 19 2
i 3 12 35
d 12 4
s 3 13
s 11 6
s 13 3
s 12 3
i 12 6 14
i 8 9 62
s 13 7
s 10 16
i 4 8 18
s 13 8
i 12 6 28
s 11 4
s 11 12
s 4 17
d 17 1
d 19 5
d 14 1
i 3 16 88
i 8 19 6
u 13 6 8
i 8 7 36
u 7 10 -28
i 3 1 8
s 15 8
s 12 12
u 9 19 89
i 17 4 47
s 15 12
d 4 15
d 15 5
i 18 5 58
s 3 13
i 1 13 55
s 15 1
s 19 5
s 17 2
i 1 5 30
s 13 15
d 1 11
s 10 19
s 2 3
s 0 10
d 9 8
s 0 18
s 11 1
i 9 10 1
d 3 2
d 10 6
i 6 0 97
d 5 2
d 9 2
s 7 10
s 7 9
u 12 19 87
d 18 1
s 14 8
s 1 18
s 2 15
i 9 6 72
s 3 15
s 0 13
s 19 1
i 14 18 66
d 3 11
u 6 0 -20
s 5 12
u 0 7 68
d 15 4
d 19 14
s 2 0
s 5 15
s 16 10
i 14 14 82
i 4 14 53
s 14 17
s 16 8
s 11 15
s 8 16
s 6 16
s 12 12
u 6 1 -16
s 13 0
s 11 10
s 16 8
s 17 16
d 1 10
s 16 8
s 0 7
s 19 11
s 1 2
s 2 7
u 16 11 -15
s 15 8
d 19 1
s 1 4
s 18 6
s 15 6
u 1 2 -5
s 17 15
s 10 7
u 17 12 27
u 9 6 -8
d 18 15
i 2 16 12
d 6 14
i 4 16 54
s 18 6
s 14 9
i 15 2 71
s 9 5
i 2 14 76
s 8 13
d 18 12
d 13 10
s 3 17
s 15 11
i 5 14 43
u 16 16 71
u 12 7 -32
d 16 9
s 7 18
s 3 7
s 6 8
i 0 11 54
s 10 4
u 8 17 -21
d 10 1
s 18 2
s 14 19
d 6 17
s 1 16
i 12 3 68
i 15 0 59
s 6 0
s 7 11
i 6 6 50
d 15 17
s 0 6
u 4 9 35
s 9 12
s 16 9
s 4 19
i 1 5 44
u 4 5 67
u 17 12 8
s 7 4
s 16 8
s 12 3
s 1 11
s 8 10
s 2 4
u 6 5 29
i 6 9 39
d 3 2
s 4 2
d 1 0
s 9 0
d 18 13
u 15 4 3
d 1 11
i 13 1 62
d 12 2
d 17 10
s 18 7
u 19 5 97
s 19 9
s 5 10
d 11 2
s 16 7
s 14 9
i 9 7 11
i 19 7 68
u 1 7 77
u 8 19 73
i 18 7 86
d 9 19
s 0 13
u 9 18 -43
i 6 19 66
s 4 5
s 15 18
s 6 19
d 6 5
s 1 1
u 3 10 61
d 7 5
s 8 18
s 6 13
i 0 7 46
s 19 2
u 13 6 47
d 19 16
i 13 5 28
d 4 2
u 3 12 9
d 13 13
s 17 5
s 3 11
u 8 10 -36
s 5 7
d 3 11
i 0 9 11
s 11 8
i 9 5 51
s 18 13
u 16 10 -20
i 18 18 7
d 5 7
u 6 2 -7
s 13 17
d 14 4
i 10 1 88
s 13 1
s 8 17
d 19 12
s 3 10
s 19 2
u 2 5 -34
s 0 6
i 19 6 19
i 13 6 50
i 16 7 87
s 0 13
s 9 1
d 7 2
s 16 8
s 0 18
s 15 9
i 4 2 12
u 3 14 69
d 7 2
u 17 6 20
i 6 10 86
d 9 10
d 7 7
i 17 1 82
s 13 8
i 7 8 6
s 10 10
s 16 14
i 15 10 92
u 7 15 -18
d 1 13
u 13 16 12
s 12 19
s 7 15
s 4 16
i 5 16 20
s 15 8
d 8 19
s 8 4
s 4 18
i 6 15 80
u 2 3 12
u 15 0 3
u 5 19 88
s 19 1
s 3 3
s 2 10
s 4 16
s 2 2
u 16 7 -13
s 9 7
s 9 10
s 15 18
s 7 7
d 12 5
d 14 4
d 14 2
s 15 14
s 6 7
u 17 10 38
s 0 17
d 15 18
s 15 8
s 17 14
s 8 9
s 9 8
s 1 11
s 14 9
u 4 10 28
d 10 0
d 19 14
d 8 7
i 18 12 15
i 11 4 97
s 15 10
u 14 19 31
i 6 15 65
s 10 11
s 18 0
u 16 8 96
i 5 0 95
s 19 12
s 12 0
s 8 7
s 18 12
s 10 16
s 10 0
s 3 3
s 0 9
d 4 6
s 19 7
s 1 14
s 6 16
u 11 15 43
s 2 6
s 1 7
s 2 12
s 17 0
s 16 3
s 19 3
i 4 1 28
u 14 4 61
s 1 3
i 2 13 13
u 18 0 -41
i 18 8 98
i 4 0 71
i 3 12 20
i 8 11 38
u 3 7 75
s 2 7
i 2 8 71
s 10 2
s 15 3
s 15 14
d 16 16
s 0 19
s 0 12
s 18 8
i 14 5 25
u 16 15 43
d 5 12
s 7 13
d 5 16
s 7 19
s 1 9
i 0 0 64
d 4 18
s 7 5
i 6 11 72
s 12 4
u 0 8 -17
s 18 6
d 13 15
d 5 17
i 5 12 8
s 1 16
s 13 17
s 2 6
i 16 9 48
u 15 0 95
d 0 9
u 4 6 66
s 7 10
i 4 6 71
d 11 17
s 4 12
s 16 13
i 5 4 84
s 4 16
s 11 12
s 2 7
s 17 17
u 4 15 84
u 6 19 37
d 15 16
d 12 7
s 12 17
d 7 15
s 16 9
s 5 13
d 15 17
i 0 0 61
i 12 8 17
u 6 5 88
i 12 3 85
u 18 5 66
i 16 10 23
i 18 4 98
s 2 7
s 9 18
u 17 15 25
s 17 11
s 8 6
s 17 0
u 11 0 -42
i 2 14 64
u 4 3 -7
s 11 3
s 19 15
d 15 6
s 18 16
d 16 8
d 0 12
i 1 14 89
d 4 2
d 18 7
i 18 9 19
s 4 4
u 16 0 84
s 18 1
s 1 18
u 4 4 60
u 14 7 -35
d 7 4
d 15 2
s 12 12
s 14 18
d 1 2
s 3 19
d 17 1
i 15 4 79
s 3 18
i 10 6 65
s 8 9
d 6 13
s 12 5
s 12 3
u 11 7 -3
u 17 2 -47
s 1 19
s 16 14
i 7 18 80
s 0 16
s 10 3
s 14 12
i 5 5 62
s 4 12
d 15 16
u 19 0 11
s 15 8
s 1 9
u 17 15 23
i 15 13 95
s 1 18
u 17 15 82
i 15 4 90
d 10 17
s 13 7
d 3 8
s 11 17
s 3 12
i 13 16 81
s 18 19
s 0 3
d 6 3
d 9 19
d 17 18
s 12 4
s 2 8
d 18 13
d 19 3
i 11 16 16
s 7 13
d 1 16
i 6 18 35
i 11 9 25
i 2 5 84
s 10 5
s 10 8
d 2 9
s 16 17
u 1 19 16
s 5 11
s 18 0
d 18 7
s 7 6
s 14 2
u 0 6 24
s 0 18
i 16 10 47
d 8 19
u 5 10 -3
s 2 6
s 12 19
s 10 2
u 6 12 -33
s 19 19
s 3 10
u 2 15 47
i 4 19 42
u 6 11 66
u 18 12 1
i 5 12 23
i 17 6 58
s 5 15
s 12 11
s 14 2
s 18 12
i 15 2 93
s 18 1
i 8 6 72
i 0 8 95
d 14 8
s 17 6
u 7 12 16
s 8 13
d 19 5
s 17 7
s 13 17
s 6 19
i 3 18 98
d 12 9
s 5 18
s 16 5
d 17 14
u 11 12 91
i 6 6 35
s 12 5
s 13 10
s 0 10
i 9 7 81
i 5 18 35
d 16 19
d 18 12
d 6 10
i 6 6 13
s 1 6
s 4 17
s 1 4
s 16 7
s 16 9
d 0 3
i 19 13 84
s 16 4
s 14 6
s 1 18
s 13 12
i 7 3 23
u 12 2 -35
s 9 17
u 1 16 92
i 3 9 91
s 5 4
s 5 2
s 3 16
s 13 5
u 18 6 89
u 7 11 60
s 17 3
s 11 15
d 14 5
s 13 0
s 15 1
u 7 11 -44
s 9 16
i 13 14 64
u 17 14 -30
d 0 9
u 11 2 -49
s 0 5
i 0 15 69
s 3 10
u 14 12 7
s 12 8
d 4 4
s 9 3
d 18 12
d 3 4
s 0 12
d 19 11
d 16 6
d 3 9
i 6 18 36
s 3 4
s 10 2
s 1 11
s 10 18
u 16 13 81
s 13 16
s 5 5
s 9 9
s 6 5
s 10 12
s 0 14
s 2 11
u 13 1 63
s 3 17
s 2 15
s 6 16
s 9 10
i 9 4 89
u 9 4 -18
s 11 15
s 9 11
i 1 11 25
s 13 9
d 14 1
s 17 10
u 12 9 66
d 8 0
s 7 15
i 12 12 44
i 13 7 51
i 8 14 0
s 17 15
i 4 15 9
s 12 3
s 7 9
s 10 6
s 14 8
d 0 17
s 12 12
s 6 4
s 19 10
s 10 15
s 15 13
d 13 18
u 11 1 -27
s 9 10
d 10 3
s 10 11
u 7 9 61
s 13 8
s 9 14
s 1 19
s 8 19
s 7 16
s 9 14
s 17 4
u 12 8 76
s 10 8
s 12 2
s 19 5
d 2 15
d 7 18
s 4 1
u 10 8 53
d 14 8
s 11 12
s 5 10
s 3 1
s 8 11
d 12 2
d 9 1
s 13 6
s 5 5
s 2 15
i 12 10 93
s 2 6
s 8 11
d 18 11
u 15 8 11
s 7 14
s 17 16
u 11 7 41
u 0 6 17
u 5 3 62
s 5 19
i 3 19 18
s 16 8
d 17 8
s 8 18
s 7 15
s 17 9
s 12 6
s 12 16
d 3 3
u 2 14 -40
d 10 2
s 9 15
i 3 12 42
s 5 11
d 8 12
i 3 1 98
s 2 1
u 12 9 -46
s 5 0
s 0 3
s 2 15
s 5 11
s 7 18
s 19 12
s 9 4
s 15 16
u 7 14 99
s 4 3
i 10 1 45
i 11 11 60
d 16 16
d 2 13
s 15 6
i 10 15 72
u 10 7 -30
s 11 10
i 15 18 32
i 16 0 32
i 10 14 85
s 19 19
s 17 3
s 2 18
i 14 7 4
i 13 13 70
u 3 3 12
i 8 12 45
s 2 8
s 14 15
d 5 1
s 16 15
d 18 12
i 4 14 7
s 19 7
s 19 12
s 1 8
s 19 5
s 5 1
s 4 7
s 6 17
s 19 3
s 10 5
s 8 2
d 12 18
s 14 19
s 6 9
i 10 10 30
s 12 9
u 4 19 -40
d 10 16
u 5 10 -1
u 10 3 19
s 10 19
s 14 19
s 16 5
s 15 1
s 10 16
s 12 19
u 8 1 -27
u 11 18 52
s 9 4
u 16 19 76
s 7 2
d 1 12
i 2 16 40
u 14 12 92
u 1 3 33
i 7 6 36
u 0 1 -22
s 4 14
s 19 14
s 18 5
d 19 11
s 7 14
s 10 11
i 18 15 7
s 6 18
i 19 19 28
s 14 8
u 3 12 13
s 4 10
u 16 19 78
s 16 3
s 6 8
s 16 0
s 0 1
i 10 6 30
i 9 17 39
s 13 16
s 11 15
s 16 3
s 6 14
s 15 7
s 8 3
s 0 8
s 19 4
s 15 10
s 18 19
s 9 7
d 9 10
s 14 13
d 14 8
i 9 7 30
s 16 6
d 5 4
s 5 16
s 1 5
i 3 8 71
s 16 18
d 5 12
i 1 18 39
d 8 19
s 1 11
s 14 9
s 3 6
s 12 5
u 0 9 28
s 6 15
i 9 11 4
s 4 7
d 0 2
s 14 14
s 14 14
s 12 18
s 12 6
d 7 9
s 1 18
s 1 12
s 1 13
i 5 4 4
i 13 16 77
s 13 9
d 13 18
s 16 0
u 19 2 46
s 11 7
i 13 16 9
s 10 3
s 12 8
s 15 7
i 0 5 59
s 18 18
s 2 17
d 9 5
s 15 8
s 8 11
s 4 17
s 19 19
s 15 17
s 8 15
i 16 12 62
u 1 6 64
d 15 12
d 7 11
d 5 3
s 5 3
s 11 4
u 19 14 45
s 9 5
s 17 8
i 7 9 2
s 1 10
u 10 15 49
i 1 3 31
s 7 5
s 19 12
u 1 12 9
s 16 6
s 12 7
u 4 19 -42
s 15 14
i 16 19 61
u 7 14 -11
i 14 18 35
s 11 8
s 8 15
i 17 6 51
u 18 15 75
s 13 10
s 5 11
s 3 12
s 5 15
d 1 19
d 1 13
i 4 18 70
d 10 13
s 0 16
s 12 7
s 19 8
s 1 8
d 2 12
u 8 17 -22
d 8 13
s 10 3
s 10 13
d 0 2
d 6 3
s 13 11
u 15 18 -47
s 0 12
i 3 15 66
u 9 5 -49
u 6 0 -21
s 15 0
s 5 13
s 4 10
d 9 8
d 12 12
s 6 10
d 4 17
s 6 5
s 16 7
d 9 0
i 4 14 65
d 4 5
d 17 19
i 12 1 88
d 6 0
i 14 4 47
i 18 15 61
u 15 14 50
i 19 8 87
d 9 15
i 7 17 85
i 3 17 70
d 3 15
s 19 15
u 1 5 13
d 9 7
i 15 19 38
i 12 7 8
d 15 5
s 7 3
s 5 13
s 9 5
u 2 16 -14
i 9 0 25
s 6 10
d 14 7
s 11 6
s 6 0
u 11 10 -24
s 19 13
d 7 19
u 1 1 22
s 19 0
s 4 13
d 13 9
i 17 5 0
s 14 16
u 5 8 83
s 1 17
d 11 2
d 6 6
s 16 13
i 9 4 82
u 2 11 -48
s 16 5
s 3 15
d 1 9
d 12 12
i 3 0 95
s 14 13
s 18 10
d 17 1
s 19 16
s 3 13
d 11 14
i 10 18 14
u 0 18 -13
s 12 9
s 8 4
u 1 13 83
s 9 8
d 10 7
d 11 19
s 12 2
d 3 10
i 11 15 81
s 16 11
i 2 18 29
d 15 11
d 0 2
s 10 17
i 18 17 44
s 4 11
s 13 8
d 14 12
s 19 0
i 2 4 72
s 8 8
i 3 11 7
u 4 1 59
i 0 1 27
i 5 1 89
u 19 18 -21
s 16 7
s 7 0
s 0 3
u 9 15 1
i 12 11 46
s 7 16
u 2 15 26
d 7 4
s 18 2
s 6 13
s 8 16
i 16 15 36
s 1 0
s 0 10
s 10 2
u 13 3 66
s 6 5
i 4 17 5
u 10 10 -5
s 10 11
d 2 12
i 3 8 3
s 18 12
s 1 18
s 6 18
d 3 17
s 11 18
u 2 9 28
u 9 6 -16
s 14 9
s 6 12
i 3 2 85
d 0 5
s 0 9
i 7 5 4
i 11 12 70
i 11 7 8
s 14 15
s 10 18
s 6 12
i 3 1 43
s 9 6
d 17 8
s 7 10
u 3 8 24
s 11 6
d 18 17
u 0 7 -40
i 17 11 49
u 16 15 -14
s 5 9
i 11 15 14
d 10 18
d 5 7
d 3 6
s 7 7
i 1 0 28
d 11 16
s 6 17
s 2 13
s 2 5
s 1 7
s 2 9
u 14 4 11
u 12 1 98
i 11 18 18
s 3 8
s 13 9
s 7 19
s 8 5
u 15 3 3
u 9 18 -27
i 12 10 28
u 8 19 -45
s 16 9
u 13 10 6
s 18 14
s 7 6
u 6 13 11
s 9 7
s 14 17
u 5 4 71
s 10 8
d 5 6
s 4 6
i 15 7 90
i 0 7 9
s 0 13
s 18 5
s 19 2
s 3 0
d 9 19
s 3 16
d 3 18
s 12 9
d 11 12
s 4 11
s 10 0
d 7 17
s 11 0
u 6 5 85
i 3 18 26
s 3 5
d 0 10
s 15 6
s 2 15
s 5 10
s 14 6
s 14 12
s 17 0
s 0 18
s 4 9
s 4 18
s 0 11
s 6 18
u 14 18 14
s 15 15
s 12 7
i 12 6 11
i 1 12 30
s 17 0
u 7 3 2
s 8 12
s 16 18
s 7 7
i 4 18 85
s 18 3
s 9 2
i 3 19 48
u 8 17 -30
s 15 3
d 1 3
s 9 17
s 4 3
i 11 3 27
s 13 19
d 15 18
i 7 18 24
s 4 15
s 14 19
s 13 13
s 8 9
d 6 14
s 8 19
u 0 5 55
i 10 4 80
d 13 5
i 13 13 21
s 13 13
s 6 10
s 19 15
d 2 14
i 15 15 55
s 6 16
u 8 13 78
i 17 7 88
d 4 2
d 16 16
i 6 2 51
s 2 2
s 10 4
s 12 6
i 18 6 56
s 8 8
d 12 5
s 10 2
s 16 16
u 0 7 41
s 0 15
s 14 7
s 11 6
s 0 13
i 0 9 7
s 3 17
u 6 1 34
s 17 3
s 6 4
s 9 6
i 17 11 87
s 3 16
s 4 4
d 5 8
d 4 3
s 8 8
d 19 11
i 15 9 27
s 18 7
s 14 11
s 3 9
s 3 6
u 2 0 82
s 0 5
u 0 9 28
u 12 10 99
s 8 5
d 4 5
s 17 14
s 1 0
s 16 10
s 13 16
s 6 6
d 11 17
u 16 15 97
s 10 18
u 12 2 -36
s 11 10
s 3 8
s 13 1
d 14 11
s 17 12
s 13 15
s 18 0
i 10 9 23
s 10 11
d 9 8
s 3 6
s 1 16
s 13 15
i 11 19 33
d 11 3
s 5 10
d 15 3
s 1 0
i 14 10 90
d 1 9
s 2 9
d 13 8
s 8 1
s 5 9
s 15 6
i 14 13 59
s 6 0
s 1 5
d 13 10
s 13 10
d 19 4
i 13 7 60
i 13 5 10
s 9 8
s 3 0
s 8 16
i 9 6 4
u 4 19 18
s 14 1
s 18 7
s 15 14
i 1 16 55
d 7 15
s 17 8
s 1 6
d 3 4
i 3 6 29
s 17 13
s 2 17
s 11 1
s 9 12
s 13 15
d 11 17
u 6 11 6
s 7 8
s 13 7
s 15 7
s 1 15
s 7 6
i 5 6 48
s 3 9
s 15 11
s 3 19
u 7 14 -47
s 9 7
u 13 4 46
u 13 18 48
i 9 18 81
i 7 9 51
u 16 16 49
s 2 5
i 9 17 12
s 7 13
s 5 10
d 4 15
d 15 9
d 11 14
u 7 14 9
s 1 1
u 0 8 90
s 4 14
u 11 18 -19
u 16 11 62
i 5 0 49
i 19 8 11
u 14 5 70
s 1 9
d 3 3
d 8 2
u 7 9 -46
d 3 5
u 11 10 -11
d 16 2
u 5 12 75
i 2 16 42
u 12 1 19
u 17 4 33
i 19 4 7
s 17 14
d 10 13
d 5 14
u 14 0 3
u 8 15 87
s 0 3
d 4 13
s 13 11
s 17 5
d 19 7
u 12 5 47
i 10 19 35
d 12 2
s 15 17
i 10 0 54
s 10 10
s 19 15
u 6 18 96
s 8 3
s 0 5
s 18 18
d 4 16
s 17 12
u 17 3 -5
i 12 11 10
u 4 0 -44
s 10 9
d 5 18
u 6 16 68
s 16 1
s 11 0
u 12 2 50
d 9 2
s 6 19
d 0 0
s 4 16
d 7 6
d 10 3
s 7 2
d 5 15
s 19 17
s 15 12
s 19 6
u 0 10 94
u 6 5 -16
s 18 12
s 10 4
s 18 4
u 6 6 -22
s 12 15
s 15 3
i 8 9 39
s 8 9
u 0 4 53
u 5 6 -7
s 3 4
s 4 10
d 12 3
d 3 13
u 11 10 6
d 4 0
s 16 4
i 10 16 7
i 8 6 79
s 12 8
d 9 16
s 17 6
s 17 14
d 0 0
s 1 8
i 2 13 96
d 8 18
s 3 2
i 9 8 82
d 5 13
s 19 18
s 1 2
i 14 16 77
i 16 8 72
s 0 5
s 10 13
s 10 6
i 12 19 4
s 18 10
i 4 18 43
s 2 13
u 16 17 -15
u 0 5 -50
s 10 16
d 6 4
s 19 14
u 5 10 -41
u 11 17 -39
s 5 16
s 11 7
u 19 16 77
s 16 18
s 12 17
s 2 2
i 17 0 31
s 17 10
d 10 3
u 10 14 72
u 12 16 73
i 18 7 18
d 17 2
s 5 8
u 19 3 90
s 1 3
s 7 16
s 0 13
i 1 15 73
u 14 2 34
d 10 12
s 7 0
s 8 5
i 11 19 95
i 1 6 15
s 8 9
d 12 3
s 15 10
i 12 13 45
u 3 12 -41
u 10 16 20
s 3 19
s 16 7
s 7 11
s 6 16
s 5 15
s 14 19
s 9 13
u 17 14 78
s 6 1
d 5 17
s 6 16
d 17 9
s 18 7
i 17 8 91
i 16 11 29
i 19 7 16
d 7 3
i 3 1 35
s 10 5
d 8 9
s 14 16
s 4 12
s 9 7
s 2 7
i 4 18 57
i 12 11 10
d 1 11
i 16 4 47
s 19 2
i 7 10 19
s 7 4
s 15 15
s 1 18
d 17 4
s 11 16
s 17 6
i 5 5 7
u 6 5 96
s 15 10
i 5 16 0
u 0 19 7
i 4 14 21
s 1 11
d 8 6
s 11 17
s 1 15
i 9 0 28
s 11 1
s 12 15
s 9 3
i 7 2 33
s 3 1
i 12 14 40
s 18 10
i 1 2 51
u 6 2 56
u 13 13 17
s 4 10
s 18 11
i 11 19 65
s 1 14
u 9 9 -47
s 12 3
s 14 11
s 11 5
i 11 11 35
i 16 14 78
s 6 11
s 12 4
s 6 6
u 10 19 -50
d 9 9
u 3 3 67
s 7 10
d 13 7
s 14 9
s 0 6
u 3 3 19
s 15 10
u 5 7 86
s 15 16
s 19 13
i 9 13 77
s 0 13
d 10 12
s 4 18
s 13 7
s 19 10
s 9 3
s 3 15
d 11 10
s 3 15
i 6 17 91
s 2 19
d 16 7
d 19 3
d 9 19
s 12 1
d 9 17
s 13 11
u 1 15 -23
s 18 4
s 14 6
d 6 10
s 7 18
s 16 8
u 11 4 23
s 14 12
i 0 5 75
i 4 14 16
s 12 3
i 9 13 62
i 15 5 3
i 13 4 6
s 4 9
s 5 13
s 2 12
s 14 4
d 7 17
s 15 2
u 1 10 71
d 2 0
s 14 9
s 6 8
s 14 17
i 4 19 51
s 19 19
i 4 10 16
d 10 12
d 6 6
s 12 10
s 15 6
u 13 0 68
i 16 3 67
s 8 12
s 9 5
i 11 7 58
s 4 5
s 14 17
s 2 3
i 16 12 2
s 10 0
s 9 13
d 17 14
s 16 11
s 10 13
i 6 14 91
i 16 13 49
d 12 4
i 1 10 22
s 5 12
s 17 3
s 14 6
u 0 2 35
u 4 4 42
d 18 3
u 18 16 -45
i 8 0 60
d 18 14
s 16 18
i 4 9 32
d 6 19
u 11 16 18
s 15 2
s 19 0
u 3 14 47
u 4 16 -31
s 3 7
i 12 2 54
s 12 4
s 9 4
u 0 19 4
d 5 15
s 17 7
d 15 17
s 8 0
s 2 11
u 8 6 90
s 14 4
s 3 18
d 9 17
s 15 18
d 9 18
s 7 17
s 5 4
u 13 19 -9
s 8 7
s 1 11
s 6 13
d 3 0
s 11 19
s 9 1
s 0 18
u 13 11 -25
s 18 9
d 10 16
d 14 3
s 4 15
u 4 17 88
s 12 13
u 2 15 55
s 11 15
d 3 3
i 2 2 49
s 15 3
d 5 6
i 0 18 18
s 18 17
s 12 15
s 12 11
u 15 11 22
s 6 9
i 14 16 63
s 11 2
d 7 0
i 10 13 92
u 5 6 30
s 12 16
i 9 4 30
u 14 0 94
u 10 4 -10
s 12 10
i 18 13 95
i 7 8 13
s 18 19
d 6 13
u 8 15 23
s 9 12
s 15 17
i 13 16 0
s 10 17
s 1 12
d 4 1
i 2 6 23
d 5 12
s 1 8
i 8 12 87
d 2 11
s 3 17
s 4 9
d 19 3
d 10 11
i 19 2 23
s 2 8
s 1 0
s 4 12
d 16 8
u 10 16 45
s 18 8
s 9 4
s 2 15
u 19 1 57
s 1 14
u 1 16 -50
u 1 9 56
d 17 9
s 17 7
s 14 19
s 3 15
d 3 5
s 14 18
s 8 1
u 11 13 58
d 5 8
s 10 17
s 2 11
s 16 15
s 17 8
d 8 1
s 13 10
s 6 2
i 12 17 10
i 12 0 48
u 13 3 -25
s 13 9
d 1 4
d 1 6
s 3 6
s 19 14
s 6 14
d 13 16
i 15 6 13
i 8 17 76
d 12 8
u 7 14 37
u 5 15 81
s 8 10
d 0 18
d 8 4
u 3 6 -1
i 18 16 57
s 17 7
s 8 14
s 0 4
s 17 1
u 12 16 51
s 0 17
s 5 9
u 15 8 -26
s 8 2
d 9 16
s 1 13
d 10 16
u 10 0 40
i 13 6 72
u 10 15 95
u 5 2 77
d 4 6
u 12 17 14
s 4 17
i 13 9 85
s 1 1
s 15 6
s 7 1
s 13 2
s 6 11
s 10 14
u 2 1 -11
d 1 15
d 6 6
u 9 17 74
d 3 16
i 0 13 68
s 9 14
u 14 7 79
s 1 9
s 6 9
u 7 9 44
s 6 3
s 1 9
u 4 8 56
d 19 6
s 19 11
s 0 8
i 1 2 86
u 4 17 81
s 11 19
s 2 0
s 3 6
s 10 4
s 10 13
s 3 15
u 8 0 1
d 3 8
d 9 17
d 12 18
i 5 0 10
s 19 17
s 3 7
s 16 19
s 7 6
s 11 11
d 0 2
s 1 15
u 8 4 48
u 1 19 34
u 1 4 -11
s 17 13
d 6 12
s 12 12
i 3 1 8
s 16 10
s 8 3
d 8 7
s 18 4
s 15 8
u 5 7 77
s 4 10
d 2 17
d 4 3
u 3 19 -2
s 11 18
d 7 6
i 5 7 18
s 3 8
s 18 3
i 1 4 58
s 1 15
s 3 14
i 3 14 73
i 15 7 97
s 2 10
s 16 17
i 3 9 56
u 12 9 -6
s 5 16
i 6 19 32
s 11 16
s 16 0
s 5 12
u 0 2 -19
s 5 16
s 5 3
d 11 18
s 4 10
s 5 16
s 18 1
s 1 18
i 8 9 25
d 18 17
u 11 15 89
s 15 4
u 0 3 29
u 3 5 50
s 8 11
s 7 9
i 2 12 94
u 11 11 -25
s 19 17
s 9 12
s 6 11
s 7 4
s 13 13
d 1 2
u 16 9 14
s 9 0
d 13 8
s 9 2
d 18 15
s 1 10
d 5 7
d 19 10
s 9 7
i 16 8 10
s 13 12
s 3 19
d 3 5
s 12 3
s 8 15
s 16 13
u 8 14 -27
s 18 19
d 9 16
u 2 7 -44
d 7 8
i 12 3 35
s 2 18
s 4 7
s 10 7
s 12 4
d 17 6
s 9 14
s 8 13
s 15 11
d 9 2
d 12 3
d 12 5
s 12 0
d 2 7
s 12 12
i 3 16 96
s 12 0
u 7 13 -29
u 5 17 98
s 12 17
s 19 18
s 14 10
d 11 7
s 17 9
s 16 18
d 5 15
d 11 15
u 1 10 73
d 11 4
s 16 3
s 10 13
i 1 9 50
s 15 15
u 4 19 79
s 6 12
s 13 15
i 4 6 43
d 16 3
d 13 7
s 8 10
s 6 15
u 11 9 -39
u 17 10 -28
u 12 13 58
s 0 0
d 5 11
s 13 13
s 19 6
d 9 9
s 15 17
d 11 5
d 7 2
u 18 19 48
s 12 5
d 16 18
i 15 13 1
u 3 17 70
u 13 16 71
s 14 9
i 17 1 95
u 9 11 -17
i 10 6 26
s 7 0
s 6 3
d 2 4
s 19 12
s 19 18
s 11 8
s 9 4
s 11 19
d 15 2
d 15 6
u 19 15 -19
d 5 7
i 12 13 29
s 16 7
u 19 11 65
u 6 0 3
s 13 17
s 14 5
s 16 11
d 10 9
d 6 8
i 3 13 95
s 13 6
s 5 15
i 11 19 23
u 4 13 -8
u 0 14 65
u 7 4 60
d 12 0
d 1 15
u 16 17 67
i 12 7 15
s 4 16
s 3 12
i 14 18 23
d 8 4
i 2 8 8
s 8 10
i 7 3 80
s 15 4
s 8 13
s 6 13
s 14 15
s 3 10
u 3 5 7
s 9 14
s 0 13
i 13 9 5
s 7 11
s 14 9
i 14 17 96
s 16 15
s 2 9
s 7 6
s 2 19
s 19 6
u 9 8 16
s 16 1
u 4 2 -49
s 6 1
u 5 11 81
d 15 4
s 10 19
s 0 12
i 7 0 15
s 11 17
s 4 1
d 17 11
d 7 5
d 19 0
d 4 3
s 13 5
d 6 10
s 19 18
s 14 3
i 18 9 37
i 7 2 32
i 14 13 98
s 12 15
i 15 14 89
s 14 15
s 10 9
d 6 6
i 0 13 28
d 6 6
s 7 6
d 19 2
d 8 17
u 11 15 0
s 18 18
u 2 18 39
s 8 3
s 16 11
s 13 17
s 14 7
d 11 14
u 5 2 16
s 8 19
s 13 4
s 7 5
d 16 13
i 11 0 5
s 0 5
i 15 12 78
d 16 5
u 2 10 -19
s 6 19
u 1 13 51
i 19 2 14
d 19 11
s 3 2
d 17 17
s 4 0
s 12 7
s 17 6
i 17 6 14
s 12 2
s 4 15
u 9 9 63
s 6 6
u 10 16 -15
u 6 6 63
s 13 17
i 12 5 39
u 6 9 58
s 10 10
d 4 4
s 19 11
s 3 4
u 8 4 -6
i 17 0 82
i 14 18 44
s 4 3
s 17 8
s 10 6
d 17 15
s 10 10
s 2 8
i 6 9 99
s 14 13
u 13 5 -22
s 15 7
s 4 11
s 1 15
d 14 1
s 19 0
d 17 14
s 13 5
i 9 14 21
s 9 6
u 7 13 95
i 6 8 77
u 11 19 27
s 0 18
d 18 2
s 0 3
s 6 10
d 7 16
u 3 16 80
s 16 8
i 1 14 91
s 4 3
s 14 19
u 13 10 60
s 5 7
u 15 5 99
s 4 3
s 7 17
s 10 7
d 18 1
d 5 6
d 16 5
s 9 16
s 3 2
i 17 18 74
i 15 14 27
s 0 7
d 14 14
i 3 15 79
s 7 17
s 13 13
s 9 18
u 12 2 -11
s 4 19
i 14 13 0
s 7 3
s 1 0
s 14 17
s 3 9
s 13 7
i 2 4 99
s 19 1
s 12 17
s 18 11
s 18 12
i 3 6 80
d 0 8
i 3 3 94
i 0 16 86
i 17 12 98
u 11 7 77
s 7 4
i 8 10 69
s 19 12
d 3 19
s 13 9
u 15 14 -32
d 0 17
s 16 4
d 7 16
s 2 1
u 8 8 -16
u 14 1 99
s 11 11
s 19 8
s 16 5
i 16 12 84
i 17 11 4
d 16 4
s 4 6
s 13 15
u 7 15 48
s 12 11
s 2 13
i 13 7 80
u 6 17 -32
i 8 10 87
i 15 8 43
s 15 5
d 18 9
d 0 1
s 15 11
u 17 7 -32
d 1 8
i 14 0 25
i 8 16 83
u 7 19 97
i 4 9 21
s 13 2
s 3 16
s 13 13
s 10 17
s 0 11
i 2 9 27
s 4 5
d 8 19
s 11 17
s 8 7
u 5 15 -47
i 5 0 58
i 16 0 82
u 2 17 54
s 14 1
u 13 1 63
s 5 14
s 1 18
s 2 0
u 15 12 -1
s 18 15
s 14 8
d 13 15
i 11 1 75
s 19 19
s 9 18
s 8 13
i 17 15 36
s 11 17
s 18 1
u 3 6 -24
i 4 0 44
s 6 9
s 7 12
u 9 4 52
s 19 14
s 4 17
s 4 15
s 2 10
s 6 9
i 16 5 52
u 12 0 0
s 1 8
s 1 16
d 18 7
s 4 13
u 9 14 -41
s 13 1
s 17 19
u 2 5 78
s 11 0
d 12 0
s 12 10
i 12 16 6
s 17 18
u 9 9 37
s 7 18
s 18 8
u 3 17 87
s 4 6
s 4 13
d 11 8
s 14 3
s 14 10
u 14 13 18
s 15 8
d 1 15
s 9 15
s 10 11
s 13 0
u 9 0 -42
i 19 6 77
i 9 14 58
d 3 10
s 7 12
i 5 14 79
d 7 0
s 5 15
s 5 16
s 6 19
s 17 15
d 6 18
s 12 5
s 15 9
u 6 5 -32
u 0 1 24
s 18 14
u 9 5 90
s 13 14
i 12 0 31
s 1 10
d 14 10
s 0 17
s 17 17
d 12 13
i 4 1 87
s 14 0
s 17 16
s 12 0
s 4 3
s 3 1
s 13 13
s 8 3
s 5 8
d 5 16
d 3 12
u 9 0 -28
u 17 2 -14
s 4 11
u 7 16 -50
s 11 12
i 6 12 99
s 12 7
s 14 5
s 1 10
i 10 9 38
d 0 4
s 8 0
s 17 14
s 5 7
s 4 9
s 9 13
s 16 8
s 1 14
s 14 9
u 7 9 59
s 5 6
i 1 13 28
d 7 9
s 12 5
s 0 15
d 1 17
i 1 12 87
d 15 12
s 17 1
s 8 9
s 2 3
u 10 1 53
s 2 8
s 0 13
d 13 8
s 1 0
s 0 11
s 19 19
s 5 4
u 19 15 79
s 1 0
s 10 6
u 9 17 66
s 14 10
s 17 15
d 3 17
d 2 13
u 7 10 -27
d 4 1
u 6 19 31
i 18 6 81
d 0 7
s 0 16
s 3 7
s 7 3
s 11 15
s 10 8
d 1 14
i 0 14 51
s 9 10
s 8 17
s 19 13
u 16 0 93
s 2 4
u 5 15 80
s 6 12
s 3 5
s 10 4
d 15 3
s 15 19
s 19 12
u 2 9 17
s 7 17
s 14 6
s 16 10
u 19 14 87
s 7 18
s 5 5
u 13 3 74
s 4 1
i 17 17 87
i 2 10 26
s 14 17
s 1 8
i 5 5 65
s 6 10
i 16 11 74
u 17 2 -43
u 17 11 24
s 15 17
s 14 13
s 11 1
u 12 7 -29
s 3 13
s 10 9
d 15 9
s 8 13
i 1 19 38
d 0 6
u 15 2 -45
i 17 19 81
s 3 17
u 18 4 8
s 14 14
d 8 12
d 6 8
d 15 18
i 9 0 24
s 5 8
s 6 1
i 19 15 76
s 18 10
d 15 17
d 2 17
d 8 5
u 11 12 -50
u 9 15 24
d 15 9
s 7 5
s 17 18
u 1 10 4
s 13 9
d 18 1
s 14 19
i 9 5 47
i 8 18 39
u 13 18 -18
s 8 7
s 4 12
d 18 4
u 5 2 15
d 12 6
i 14 4 68
d 5 11
s 11 9
s 6 3
u 11 3 -27
i 16 8 3
s 12 11
s 1 18
s 3 6
u 14 10 34
s 6 8
u 1 13 38
i 18 10 89
i 17 6 54
d 18 1
u 9 9 -16
i 16 12 76
d 3 6
s 2 19
u 5 19 -11
s 4 2
u 11 0 79
d 17 4
s 18 6
s 10 13
u 12 15 29
d 18 3
i 19 9 42
i 14 16 64
d 7 6
s 3 12
u 10 12 92
s 15 16
u 19 3 0
d 17 3
i 4 6 63
d 5 12
d 15 11
i 19 15 9
s 16 6
s 5 16
d 15 7
i 13 18 73
s 14 12
d 1 16
s 17 4
s 16 11
i 12 18 59
s 10 17
s 4 6
i 18 14 85
u 15 15 78
i 12 17 71
u 2 11 -20
d 18 6
u 7 12 15
s 13 11
s 14 2
u 13 11 -50
s 10 0
s 9 12
s 5 13
u 18 0 70
s 19 4
i 19 12 28
d 11 9
s 11 0
s 13 12
d 9 11
s 6 16
s 8 16
u 12 13 -45
s 3 11
s 1 9
s 3 9
d 17 1
s 12 15
s 3 12
d 5 10
i 14 17 95
s 13 8
s 11 18
u 12 5 53
s 8 3
u 2 13 7
d 19 11
i 17 6 18
s 7 14
d 4 6
i 1 16 56
u 16 19 38
s 6 9
s 12 14
s 7 4
u 11 15 8
u 2 6 23
s 19 8
s 16 2
u 0 9 87
s 10 14
d 4 12
u 11 4 -39
s 2 6
d 18 13
i 14 7 57
s 6 19
s 3 2
s 3 12
i 3 4 16
d 18 2
i 10 17 92
d 8 16
d 4 16
u 19 18 61
s 9 3
s 9 1
d 18 19
u 6 12 71
s 5 17
s 1 4
s 17 15
s 12 10
s 15 8
s 13 3
u 0 9 56
s 13 18
s 8 19
d 15 17
s 11 3
s 1 13
s 0 19
d 12 9
d 2 3
s 12 17
d 0 10
s 6 18
s 13 6
s 18 15
s 4 12
s 11 11
d 10 9
s 0 9
s 11 19
s 0 4
s 12 6
s 2 3
u 0 2 -3
s 6 6
s 15 4
d 14 17
u 6 6 9
i 8 3 55
s 13 12
s 8 18
s 10 11
u 4 6 72
s 0 16
u 3 5 20
i 2 9 26
u 11 3 77
u 18 18 -15
d 15 19
d 19 3
s 18 19
i 16 12 13
u 1 8 14
s 13 4
d 7 6
s 19 5
s 11 7
s 10 10
s 0 15
s 10 18
i 16 3 7
s 18 15
d 17 2
s 6 3
s 6 19
u 2 8 -28
i 3 8 55
s 13 18
s 13 9
s 5 8
d 16 13
s 14 12
s 7 16
d 6 19
s 18 14
u 16 14 -3
s 10 14
d 12 11
s 13 11
s 15 16
s 6 5
u 5 13 3
s 19 6
d 3 17
d 8 5
i 12 19 38
s 17 4
d 3 19
s 16 6
i 15 4 36
s 1 18
s 2 2
s 7 5
u 12 9 -50
s 11 0
d 9 1
s 16 5
d 3 5
d 14 16
d 5 5
s 19 7
i 18 13 56
s 6 10
s 13 9
s 15 13
d 12 11
i 15 10 31
s 9 0
i 19 16 75
i 11 9 91
d 16 3
s 17 3
s 19 12
d 18 3
s 4 16
d 5 9
u 2 2 -10
u 10 0 17
i 18 14 36
i 14 12 43
i 6 3 8
s 16 10
d 7 4
s 15 15
u 8 14 62
s 14 6
i 9 13 47
u 16 11 -41
u 1 15 4
u 5 3 23
i 3 18 27
i 10 13 35
i 0 11 4
i 16 3 59
s 17 6
i 8 12 50
s 6 9
d 2 4
s 18 16
s 14 12
s 8 8
s 2 8
s 4 19
d 4 12
u 12 8 30
d 1 11
d 3 3
d 15 7
i 4 19 20
i 1 16 53
s 11 15
i 18 7 64
u 6 17 79
u 19 16 28
s 6 19
d 17 1
s 19 1
u 2 5 16
u 14 11 -18
s 2 8
s 18 8
i 16 5 36
u 14 16 92
s 3 15
s 19 11
i 8 4 37
s 17 16
d 10 16
s 18 9
u 10 15 99
s 4 13
s 2 13
u 4 19 74
d 8 1
s 4 5
d 2 9
u 8 9 6
s 5 8
s 4 0
s 12 16
s 5 14
u 2 0 -5
u 7 13 5
u 0 10 -42
i 11 18 18
i 7 16 97
u 9 14 -1
s 6 18
i 1 2 73
s 6 5
d 13 9
s 5 11
s 12 16
i 16 15 86
u 12 16 21
s 7 0
s 11 7
s 14 3
s 6 5
i 14 2 5
d 3 7
d 8 9
s 16 7
s 18 15
i 14 2 44
s 9 19
s 18 13
u 8 6 90
s 5 2
s 1 12
s 6 4
d 4 1
s 6 8
s 12 1
i 5 2 91
i 1 2 61
d 19 13
d 18 0
s 14 6
i 2 9 80
s 7 19
i 0 2 58
s 18 11
s 3 18
s 11 15
d 4 0
d 3 6
s 19 5
s 19 4
s 5 1
u 13 19 70
i 17 19 54
d 6 2
s 19 16
s 6 12
u 10 5 -18
d 5 1
i 15 5 53
s 17 1
u 1 7 -4
s 4 9
i 13 7 54
s 11 7
d 16 14
s 4 5
u 6 3 99
s 12 18
u 11 5 99
s 11 15
d 8 3
s 10 4
s 18 1
s 0 12
d 5 14
i 7 18 71
u 3 1 -12
d 0 0
s 9 12
i 4 13 69
s 14 11
i 8 14 87
d 9 14
u 0 1 70
i 7 8 33
d 7 16
i 15 0 99
s 14 0
u 9 18 13
d 3 19
i 0 13 5
s 7 16
s 5 15
s 10 1
d 1 7
d 10 1
i 1 11 90
u 10 15 33
i 13 6 92
u 17 17 36
s 5 0
s 16 13
i 15 0 52
s 14 9
s 1 5
i 0 16 61
d 13 4
s 7 1
i 14 17 95
s 15 15
s 6 9
s 3 14
s 9 0
s 5 11
d 19 18
s 14 11
s 19 4
d 8 11
s 2 2
s 13 16
i 13 4 47
u 14 13 4
s 18 3
s 14 12
s 12 8
d 9 19
s 11 3
i 5 8 50
u 12 16 23
d 5 6
s 16 6
s 0 17
d 13 9
s 0 6
d 13 17
s 13 16
d 19 13
i 7 19 97
s 1 8
s 18 15
u 18 9 -42
i 0 18 79
s 1 7
i 19 3 49
s 5 5
d 13 12
s 1 2
s 0 8
s 9 4
i 9 16 94
s 7 10
s 14 5
d 0 13
d 18 4
s 11 5
s 4 11
s 16 19
s 6 16
s 0 18
u 1 18 90
s 19 17
s 0 3
u 15 4 32
u 15 15 89
d 6 10
s 5 19
u 5 1 20
s 7 5
s 16 11
d 9 17
s 7 14
s 5 19
u 14 19 4
u 9 11 -43
s 0 12
d 10 12
s 19 6
u 13 18 16
d 3 1
s 7 3
i 17 5 49
u 16 18 95
d 9 16
i 11 2 33
d 12 5
s 1 9
u 12 17 -31
u 16 15 -48
i 18 19 39
s 11 3
i 14 13 51
d 18 5
s 0 17
s 3 1
s 9 17
s 1 12
d 9 8
d 9 7
d 11 11
i 17 8 0
s 16 11
i 8 13 28
s 13 7
s 1 3
s 15 16
i 8 6 85
d 2 7
i 10 11 10
s 2 12
u 7 0 -20
s 12 18
u 11 7 25
s 7 1
s 5 12
d 3 15
d 3 14
u 18 7 -9
d 11 11
d 7 16
s 13 13
s 12 1
i 19 12 36
i 17 4 47
i 1 8 86
u 0 17 74
i 8 15 88
d 11 2
s 15 7
s 18 6
s 7 10
d 1 4
u 16 10 -45
s 15 4
i 14 6 58
u 12 1 -30
s 19 15
s 11 10
i 8 19 15
s 5 19
s 1 8
s 15 19
s 4 3
s 15 9
s 17 19
d 18 12
d 4 19
i 12 2 77
i 8 8 81
u 2 5 -11
i 4 15 9
s 6 6
i 5 15 63
s 12 9
s 7 18
d 1 3
s 5 10
s 1 6
s 2 12
i 2 18 57
u 0 12 9
s 15 4
d 7 10
u 4 1 94
s 2 18
u 6 18 45
u 19 8 -42
s 18 8
s 18 12
s 3 10
s 8 11
u 3 15 25
s 4 3
s 8 3
s 11 5
d 2 14
s 19 0
d 8 8
s 16 9
i 16 13 98
s 0 14
d 19 18
s 1 4
d 2 13
d 7 6
i 13 10 3
s 1 8
u 4 2 12
i 3 11 51
s 6 17
s 1 14
i 1 17 61
s 19 10
s 5 6
s 14 13
s 15 5
i 11 12 2
i 6 9 1
i 0 1 26
u 18 19 90
s 6 17
s 6 18
u 14 9 -39
s 13 0
i 0 9 82
u 4 15 13
s 18 12
d 6 1
s 3 16
s 1 15
s 4 11
d 3 10
i 13 4 69
u 15 18 -19
s 13 16
s 2 10
s 6 15
s 8 14
d 3 4
s 9 12
s 19 12
s 9 18
s 3 11
i 13 6 79
s 6 5
s 8 10
s 7 0
s 0 7
s 12 1
d 11 18
s 13 8
s 2 11
u 16 13 -29
s 1 11
s 14 5
s 16 6
s 15 16
u 14 13 -26
i 15 6 57
s 11 12
i 6 14 3
u 14 0 -35
i 3 13 88
s 16 2
i 17 5 93
s 4 6
i 15 19 83
d 16 19
u 5 5 -19
d 4 11
d 10 4
s 5 0
u 14 12 -19
s 10 19
s 3 16
s 3 9
i 0 6 26
d 8 9
u 14 15 15
i 18 6 22
u 9 2 69
s 12 14
d 13 18
i 7 3 35
s 1 5
d 19 12
i 0 11 41
s 16 17
d 19 3
s 3 5
s 3 16
i 15 18 83
s 6 9
s 17 16
d 7 14
s 2 18
s 15 3
s 18 4
i 0 2 45
u 7 1 95
i 6 10 56
i 12 1 94
u 15 15 -37
d 19 5
s 16 19
i 14 17 48
u 9 6 3
i 9 7 26
s 17 10
u 10 1 -44
u 7 8 91
s 2 4
d 8 17
s 8 1
i 0 17 36
s 3 13
d 18 9
d 4 13
u 2 1 62
s 17 0
s 10 1
s 9 17
s 8 5
s 9 15
s 14 11
s 7 2
d 15 4
s 11 3
d 10 7
s 0 5
i 2 4 91
s 13 18
s 4 18
d 5 10
s 12 16
s 3 16
s 6 4
i 14 14 20
d 2 5
d 12 18
s 15 18
d 10 19
d 7 10
u 6 5 47
s 13 10
d 6 3
s 13 18
s 10 12
u 1 16 28
u 8 15 84
d 0 18
s 14 9
s 11 11
i 18 12 28
s 3 16
u 9 9 -32
s 19 17
i 2 12 18
s 8 17
s 1 4
u 17 11 42
s 6 5
i 11 1 76
s 4 17
d 0 15
s 3 9
u 5 19 79
u 0 12 97
s 15 8
i 9 0 9
s 15 4
u 9 12 -40
d 1 13
s 18 5
d 10 3
i 3 1 50
s 2 5
d 11 7
i 3 11 83
u 13 3 -14
s 19 15
s 14 4
s 0 15
s 6 5
i 4 5 49
s 14 7
u 10 1 56
i 17 8 4
d 10 14
s 7 14
s 0 17
s 10 18
s 7 1
u 4 6 36
i 11 3 56
d 8 16
u 7 15 0
i 0 6 56
s 13 18
u 18 6 -10
u 10 11 54
s 1 4
s 14 15
s 5 13
u 16 12 63
s 9 16
u 15 4 49
i 11 1 4
s 0 17
d 3 9
s 2 1
s 10 4
s 19 9
i 9 2 83
s 17 12
u 11 14 -13
s 3 2
u 11 14 -2
i 1 5 6
i 18 19 8
i 14 1 22
s 12 9
s 0 15
d 0 4
d 9 8
s 19 2
s 9 10
i 11 11 63
u 19 3 94
i 7 15 87
i 16 6 46
i 6 8 79
u 2 4 0
s 19 15
i 10 18 34
s 5 4
u 14 13 80
s 18 14
s 14 9
s 12 4
d 4 11
s 10 12
s 5 0
s 13 2
s 18 13
i 14 4 31
s 5 3
s 1 5
s 9 12
i 13 12 92
u 7 4 55
s 0 9
s 7 3
d 0 2
i 2 14 53
s 3 13
i 19 19 68
d 18 16
s 12 19
i 11 15 62
u 15 4 -9
s 4 5
u 4 3 -27
u 14 10 87
u 0 9 -7
s 15 11
u 13 3 62
s 18 10
i 2 14 93
i 2 3 19
s 17 4
i 17 8 75
d 10 13
s 11 16
u 19 19 95
u 15 3 74
d 19 3
u 12 18 60
u 7 8 56
i 15 19 40
s 16 17
d 6 2
i 16 17 49
u 19 9 13
s 6 6
i 10 12 78
d 3 11
u 4 9 -12
s 9 17
i 15 6 36
s 16 1
u 18 2 60
s 2 8
i 19 14 64
s 17 8
d 17 17
d 9 15
s 12 8
d 15 6
i 13 11 93
u 7 16 1
s 9 12
s 2 8
s 10 4
s 19 12
s 0 12
s 7 7
s 10 5
s 12 5
u 16 12 14
s 5 5
i 18 19 17
s 19 6
s 9 10
u 18 10 97
d 0 5
s 5 1
d 19 7
s 5 0
s 12 14
s 0 2
s 17 7
s 14 5
s 15 13
u 19 6 53
s 18 11
s 10 1
d 8 18
i 11 8 56
s 15 16
u 15 17 54
d 16 9
u 3 6 95
i 14 8 10
s 16 7
d 0 4
s 7 4
s 5 8
i 11 17 58
s 5 3
s 7 10
s 2 8
i 19 18 24
s 11 8
d 2 8
i 8 1 25
s 11 13
s 17 9
i 12 19 79
u 6 18 41
d 3 10
i 19 10 57
s 1 18
s 9 16
s 17 0
s 0 6
s 11 14
s 15 17
i 4 6 19
s 17 5
d 8 14
i 1 2 74
d 3 18
s 11 5
i 0 18 95
u 12 4 82
s 19 6
u 0 19 51
s 8 12
s 17 7
s 16 4
i 14 19 43
u 15 14 89
s 12 17
d 2 1
i 5 4 51
s 10 6
s 2 4
d 6 5
u 7 5 -5
u 16 16 3
s 19 1
u 4 10 38
s 17 2
s 16 7
s 7 9
u 9 3 0
i 3 16 99
u 11 1 -10
i 0 18 87
u 16 17 50
i 2 16 87
s 5 2
s 6 19
s 18 0
s 14 0
d 1 17
s 4 16
u 17 11 67
d 9 4
i 4 6 48
d 0 10
i 16 15 36
s 11 1
s 10 9
u 9 13 79
i 3 12 17
s 16 12
d 19 12
u 1 13 64
i 16 11 31
d 15 3
u 3 9 -6
d 5 12
s 12 10
d 8 5
u 1 8 -37
u 13 8 97
s 7 16
s 0 17
u 16 7 -46
d 13 11
s 19 0
d 0 10
s 12 3
s 6 18
u 1 3 82
d 13 4
u 1 4 98
s 6 8
s 9 7
s 13 6
d 19 6
s 17 19
s 8 9
i 8 5 85
s 14 16
d 5 16
s 2 16
i 13 1 62
d 18 12
s 8 16
u 1 17 18
u 8 11 15
s 10 11
s 12 12
s 12 4
s 9 4
d 5 13
u 12 4 86
s 4 13
u 18 2 -30
s 18 11
s 5 17
s 17 8
s 17 1
s 0 1
s 12 0
s 7 17
s 14 4
u 16 0 77
i 19 8 73
d 15 4
s 9 11
s 3 9
s 12 15
s 16 15
s 1 19
d 8 18
u 8 17 24
d 4 0
s 7 18
u 6 6 22
i 10 8 81
s 16 11
s 14 17
s 0 13
i 17 15 69
i 1 11 62
u 14 5 92
i 13 14 40
s 8 5
s 7 2
s 5 5
s 7 1
s 18 9
u 4 19 94
s 9 11
s 15 7
d 5 15
s 7 6
s 7 7
d 16 14
s 9 17
i 15 10 96
u 2 19 91
d 5 6
u 16 11 48
s 4 10
d 18 6
s 3 9
i 15 11 44
s 15 1
s 11 3
s 12 6
i 0 17 29
d 6 8
s 0 0
d 6 16
i 19 16 64
i 10 6 60
i 1 3 67
u 12 8 74
s 19 13
s 6 12
u 10 3 37
d 0 0
i 6 13 99
s 1 15
u 7 11 79
u 2 9 81
s 8 15
s 5 3
d 9 7
s 5 11
i 8 8 77
i 9 9 69
s 17 2
s 13 6
s 0 6
s 6 14
s 0 18
s 14 11
s 4 7
u 16 3 -11
d 3 3
s 5 14
d 12 19
d 2 4
s 19 15
d 13 1
s 15 16
i 2 9 25
i 0 17 83
s 5 9
i 5 13 35
i 10 12 77
s 15 7
s 6 7
s 8 9
i 4 15 82
d 0 18
s 15 11
d 13 7
u 8 10 96
s 19 14
i 1 6 28
s 9 6
i 18 0 85
u 0 5 -34
u 14 5 -10
u 5 14 17
i 10 7 14
d 18 4
i 2 0 62
i 15 17 24
i 5 16 83
s 7 5
s 18 9
d 19 9
s 13 12
i 10 1 78
u 11 17 48
s 5 2
s 8 16
s 2 7
s 3 3
s 12 11
s 0 14
d 4 14
i 1 16 3
s 4 5
u 17 3 15
d 16 14
i 1 18 48
u 5 3 48
u 1 17 -25
u 7 16 -46
s 0 17
d 6 19
u 10 15 10
u 4 5 -4
u 3 11 -17
s 3 16
i 3 18 7
s 9 14
s 18 18
d 15 2
s 18 16
u 9 11 93
d 15 0
s 17 0
i 16 10 70
u 2 12 -39
s 16 0
i 3 0 87
i 15 3 92
s 12 12
i 0 19 80
s 17 17
d 17 7
s 19 18
s 15 19
s 17 5
u 13 10 -25
s 4 15
s 13 1
u 17 19 99
s 10 9
s 5 19
u 6 19 87
s 18 2
s 12 16
s 9 11
s 16 12
s 2 15
u 9 2 22
i 7 0 95
i 0 8 8
s 18 9
s 11 10
d 6 11
u 13 4 15
u 11 10 -49
d 9 5
u 18 18 23
s 12 3
s 7 14
u 15 10 19
s 18 15
s 3 2
d 11 2
i 1 0 68
s 10 1
i 16 18 81
s 6 19
s 9 9
d 1 17
i 11 9 78
s 19 17
u 4 12 -4
d 0 10
s 17 6
s 14 19
d 0 6
s 1 16
d 14 6
s 16 12
d 19 2
u 7 19 62
s 11 18
s 9 15
i 2 12 97
s 13 19
s 9 16
u 12 0 -19
d 6 12
s 16 17
i 13 6 32
u 11 12 -35
d 7 5
s 4 2
d 13 7
i 0 19 1
d 19 11
i 14 4 22
d 3 0
s 15 4
i 16 19 60
u 5 6 51
i 11 3 18
i 0 3 93
s 5 18
d 19 3
i 10 11 15
s 16 3
s 12 0
u 7 11 33
s 8 6
s 17 0
u 17 1 -44
d 14 19
s 5 8
u 15 7 54
s 7 17
u 4 8 82
s 19 18
s 9 19
u 3 6 11
i 2 8 95
s 8 13
i 17 4 57
i 13 0 86
u 10 2 24
s 8 12
s 8 5
s 0 11
s 14 16
i 7 17 69
s 9 17
u 17 9 -5
s 5 15
s 4 0
s 1 2
d 13 1
d 19 19
s 0 5
u 9 6 71
d 1 15
u 14 4 -8
s 6 19
s 8 4
d 8 6
s 15 17
s 6 10
d 6 19
s 2 18
s 12 12
s 19 17
u 0 11 -1
s 6 12
i 13 3 61
u 7 2 73
u 4 18 47
d 8 0
i 19 7 60
d 0 19
u 15 1 -24
s 6 13
s 13 12
s 11 0
s 8 17
s 4 5
s 19 11
s 5 15
d 12 15
u 9 18 -38
i 1 5 21
s 14 5
s 2 16
i 19 17 94
u 9 0 64
s 9 3
s 8 4
s 9 9
s 7 2
d 15 11
i 5 3 48
s 6 11
i 0 16 15
s 17 18
s 16 14
i 10 6 26
d 19 19
i 13 16 27
i 18 13 39
s 1 2
d 19 6
s 4 2
d 8 17
s 11 19
s 2 15
s 4 6
s 10 15
s 16 3
u 7 16 28
u 13 13 19
d 3 17
s 12 15
s 5 1
i 12 0 8
s 3 14
i 17 5 81
s 13 15
s 1 5
i 10 7 29
s 1 8
u 15 0 14
s 0 12
s 14 15
s 14 4
u 14 3 -16
s 14 0
d 12 18
u 12 11 85
u 16 15 -13
s 17 1
u 0 14 70
s 15 0
i 4 17 19
u 19 8 76
i 5 5 54
i 13 1 64
d 9 6
s 10 12
s 18 11
i 6 15 92
s 8 3
u 13 5 10
s 19 18
s 19 17
i 14 13 47
s 3 16
d 4 3
u 13 2 61
u 11 0 35
u 4 14 97
s 4 6
d 3 16
d 3 8
d 4 8
u 6 17 -13
u 8 4 11
u 4 2 -31
s 2 13
d 3 3
d 8 1
u 5 3 82
i 19 0 8
u 18 3 23
d 2 13
s 19 19
s 3 5
d 13 10
s 16 10
s 6 17
i 12 0 30
s 9 15
u 16 8 54
i 0 3 81
d 16 15
d 11 11
s 2 17
s 0 16
d 10 5
d 10 7
d 17 13
i 13 2 27
s 13 17
u 1 3 74
i 4 1 67
i 10 7 42
d 19 6
d 14 15
s 14 14
d 2 6
s 0 4
s 2 15
s 9 10
s 10 16
s 8 9
u 8 1 30
s 0 14
s 9 10
i 14 11 64
d 10 10
u 11 8 42
s 1 7
i 7 16 5
d 10 6
s 10 17
u 2 14 46
d 4 11
u 6 6 3
d 8 10
u 13 12 96
u 17 4 -49
s 8 0
d 9 4
s 15 16
s 8 12
s 16 10
u 12 12 67
s 8 2
d 8 17
s 16 10
u 3 9 45
u 18 18 51
s 16 3
u 15 19 19
s 2 6
u 10 12 -34
d 11 14
i 10 1 61
s 5 1
d 3 9
d 14 16
u 4 1 74
s 1 8
i 11 14 39
d 2 3
i 15 19 69
i 4 19 21
i 8 9 33
s 6 2
s 3 8
u 3 16 56
s 4 13
u 14 4 -23
s 10 0
u 15 13 -36
u 1 8 61
s 1 4
d 18 7
s 4 7
s 3 6
i 11 16 25
i 12 16 25
d 2 8
s 3 16
s 17 9
s 1 2
s 8 15
d 12 10
s 4 10
d 5 3
i 12 3 61
s 11 11
s 13 7
s 12 1
s 1 18
d 7 17
i 7 18 54
d 7 19
s 17 14
s 17 2
i 8 5 32
s 8 9
s 10 12
s 7 1
s 9 2
u 7 10 -29
i 19 1 55
s 14 14
s 3 15
u 18 0 -43
s 0 11
u 10 14 -38
s 15 14
s 3 18
s 16 9
s 0 1
s 11 2
s 16 10
s 1 10
s 19 6
u 5 3 -47
s 9 17
s 14 19
d 8 0
s 4 10
s 4 0
s 12 16
u 11 5 95
s 5 2
s 18 6
i 9 14 56
d 3 3
s 6 8
s 13 2
s 5 14
s 6 15
s 5 4
s 12 12
i 9 15 50
s 2 17
s 7 2
s 15 13
u 7 18 94
d 13 14
u 10 1 17
s 19 7
s 8 8
u 7 6 72
s 16 13
s 14 14
d 5 10
s 0 6
i 6 16 97
d 1 13
s 9 2
s 7 10
s 14 12
s 5 4
s 1 11
d 0 15
d 0 3
s 11 2
s 6 11
s 9 12
d 15 18
s 12 7
u 15 10 60
s 5 16
u 2 8 -29
s 11 5
s 19 8
d 14 6
d 7 2
s 10 17
u 16 5 63
u 12 9 -38
s 19 3
d 4 15
s 4 11
s 2 10
s 0 14
d 11 15
s 0 7
i 4 1 1
i 4 12 32
d 12 2
s 16 14
s 1 6
s 17 10
s 18 0
s 4 12
i 14 5 21
u 19 5 54
s 8 0
d 11 10
s 19 12
s 4 2
u 1 8 -5
d 0 16
s 3 11
s 4 19
d 16 2
s 12 7
d 4 9
s 19 11
s 11 0
s 0 17
u 13 14 -26
s 8 14
u 14 2 27
s 10 1
d 12 4
d 9 17
d 9 15
d 8 15
d 19 15
i 16 9 54
s 19 15
i 2 6 21
s 1 13
s 19 19
u 13 4 -21
d 17 13
s 9 6
u 4 14 50
u 5 2 -49
i 3 1 88
s 6 8
s 10 10
s 0 19
i 10 0 32
s 10 19
s 18 2
s 16 13
s 19 10
i 0 7 73
s 17 8
s 12 4
i 15 14 85
s 2 11
i 0 6 6
s 14 5
d 14 9
i 9 1 61
d 0 13
d 10 5
i 13 1 22
d 8 14
u 14 13 -25
s 6 19
i 4 2 58
s 0 15
d 15 13
s 18 6
d 11 2
u 16 4 84
s 13 0
d 0 12
u 3 12 -23
s 18 15
s 7 8
s 11 18
u 19 5 -26
i 7 5 43
s 8 12
u 17 7 6
s 17 17
s 19 10
i 15 15 24
d 19 13
d 12 7
d 0 8
s 3 15
d 17 4
s 10 17
s 6 12
i 7 16 40
u 5 0 -22
s 13 12
d 13 14
s 3 11
s 3 8
i 19 2 76
s 6 18
d 5 2
s 17 1
s 11 4
i 7 19 7
s 6 9
i 17 17 4
i 17 9 98
s 4 4
s 16 19
s 8 19
u 8 11 -22
s 1 18
s 3 8
s 10 16
i 12 16 31
s 3 2
s 14 14
s 15 3
u 16 18 10
s 18 16
u 17 3 -33
s 11 9
u 18 12 -29
s 14 1
d 8 19
u 17 15 56
i 11 19 5
d 9 3
s 16 16
s 16 4
d 18 3
s 19 18
s 6 6
s 6 17
u 2 15 64
s 9 10
s 17 18
u 11 10 -7
u 1 11 41
u 19 2 28
s 14 13
d 6 8
s 0 9
i 2 11 12
s 12 18
s 18 6
u 14 4 66
u 16 10 66
s 4 18
s 2 1
i 4 16 93
s 7 16
s 12 16
s 4 13
u 11 19 -5
s 16 10
s 0 5
d 19 5
i 1 0 26
s 13 12
d 7 10
s 6 12
i 12 7 67
u 17 4 -30
s 17 5
s 17 14
i 16 6 18
d 2 13
s 9 7
s 6 4
s 8 8
u 1 3 -12
i 15 5 50
s 17 5
i 8 7 61
u 7 10 58
s 15 1
u 1 15 83
u 14 13 -31
s 16 3
s 14 4
i 11 4 84
s 9 9
s 17 14
s 18 15
u 4 15 -37
i 2 15 3
s 18 10
s 4 5
s 12 3
i 2 18 10
s 3 1
s 10 5
s 0 19
u 19 8 0
d 6 14
d 18 13
s 15 6
s 19 8
s 3 4
s 0 7
s 4 5
u 1 12 3
u 3 17 44
i 15 4 18
s 0 4
i 17 17 39
i 12 14 66
i 12 2 82
u 1 9 40
i 17 1 50
s 0 3
s 5 10
s 3 13
d 11 15
s 8 17
u 11 2 56
s 11 8
s 17 7
s 3 1
s 8 14
u 2 0 47
s 17 9
i 17 15 86
s 16 2
s 2 5
s 9 10
i 16 18 71
i 15 3 37
i 14 9 78
i 10 16 73
s 9 17
s 18 2
u 4 18 -44
i 3 13 45
u 9 17 61
u 5 4 -34
u 10 18 -45
s 8 18
s 13 11
d 7 12
s 12 11
u 19 2 37
d 12 10
i 5 0 40
s 9 17
d 1 5
i 10 3 10
s 18 16
d 13 17
d 3 3
i 4 16 67
s 7 16
s 17 6
s 19 7
i 18 12 10
u 13 2 -32
s 6 11
i 16 0 14
s 19 5
s 5 12
s 11 19
u 7 14 13
s 2 5
s 9 11
s 17 14
s 1 19
s 10 0
i 3 12 44
s 3 0
s 14 18
s 9 19
i 11 17 86
s 6 10
s 12 19
d 1 6
d 4 0
d 6 17
u 0 1 18
d 12 1
s 10 3
u 13 15 -39
u 10 8 88
s 1 11
s 13 15
s 11 17
i 12 11 69
s 8 10
s 16 17
s 8 1
s 8 9
d 2 1
s 5 7
i 7 19 7
s 4 13
i 18 8 87
s 18 1
d 19 4
i 4 5 70
u 6 19 76
s 2 6
i 5 2 19
s 12 1
s 2 10
s 6 13
d 19 16
s 2 1
s 4 14
i 13 17 93
s 10 4
s 10 3
d 0 11
s 4 8
i 11 10 87
s 1 11
s 16 11
s 13 6
s 6 18
i 5 15 65
i 3 1 94
s 16 11
s 12 12
s 1 1
u 13 15 -26
i 8 7 85
u 13 11 -2
i 5 3 11
u 3 0 83
i 4 10 97
s 8 0
s 8 9
s 12 10
i 14 19 36
i 12 15 64
s 15 6
s 9 2
i 0 9 48
i 4 6 90
i 10 1 5
s 5 14
s 9 17
i 18 16 4
d 10 7
s 15 13
i 1 13 95
d 3 10
i 12 2 88
i 2 11 10
d 12 18
u 14 8 -16
d 16 10
u 9 1 85
d 12 7
s 19 11
u 18 0 -18
s 15 10
s 11 5
s 11 15
d 1 6
s 7 0
u 13 17 -4
d 3 19
s 19 13
s 10 17
d 1 15
s 5 15
s 11 16
u 11 17 -3
s 7 17
d 13 18
s 8 5
i 4 5 70
d 18 2
s 11 10
u 3 11 25
s 9 4
d 2 3
u 0 5 53
s 7 6
s 8 11
u 14 9 -49
d 18 10
i 3 14 96
i 15 18 68
s 15 16
s 9 5
u 6 18 -33
u 9 14 74
d 1 17
s 0 17
i 13 12 75
i 8 3 22
u 11 13 3
s 13 14
s 5 9
u 18 1 45
s 5 12
s 2 16
d 4 6
d 15 19
s 11 2
s 15 12
s 17 13
u 3 1 -10
s 8 18
i 3 19 23
s 17 3
s 15 16
s 4 17
s 18 15
u 5 7 -14
d 16 13
d 15 1
i 19 11 8
s 1 10
i 16 17 36
s 12 11
s 19 15
s 13 4
s 14 3
s 0 9
u 9 3 88
s 19 0
u 4 5 -19
s 6 8
d 19 6
s 7 17
i 3 8 16
d 6 14
s 15 16
s 14 5
s 10 6
s 18 6
i 17 16 91
s 1 16
s 2 19
d 3 18
s 7 9
u 15 18 59
i 16 14 7
i 5 4 41
s 5 9
s 3 10
s 17 16
i 8 5 11
u 6 13 53
s 14 4
s 3 18
i 12 2 95
s 16 8
i 3 17 55
i 3 11 4
s 17 12
s 1 1
i 12 9 49
d 2 9
s 4 3
d 11 12
s 17 19
s 5 17
d 17 6
i 4 17 36
s 3 6
s 11 17
d 0 3
i 9 11 87
d 2 10
d 8 4
s 17 5
s 8 16
i 8 2 10
i 12 15 72
d 11 1
s 17 15
s 16 16
s 1 4
d 19 8
d 4 6
d 1 10
d 17 0
s 11 0
i 12 13 7
i 6 5 94
i 8 1 51
d 15 4
s 13 18
i 7 18 18
u 19 18 18
u 3 7 -9
s 12 4
i 16 3 57
d 17 9
s 14 3
u 0 14 -17
s 11 4
d 1 2
u 3 12 45
s 17 13
d 5 8
i 10 2 50
u 17 13 27
u 10 14 -17
s 4 12
i 5 10 62
u 0 7 65
d 17 8
s 13 17
s 2 3
u 13 9 -14
s 19 13
d 15 4
i 12 9 97
s 1 17
s 17 17
s 12 8
s 11 4
u 14 11 86
i 5 14 63
s 6 18
s 9 4
i 6 11 68
s 16 4
i 10 2 82
d 8 11
i 7 2 78
u 13 18 50
u 8 6 33
i 3 0 58
s 3 6
s 4 18
s 3 17
i 12 11 24
s 9 3
s 0 7
s 10 19
s 6 19
s 1 5
s 19 2
u 19 9 61
d 11 4
u 7 5 13
u 6 10 85
s 6 3
s 2 16
s 0 4
s 16 9
u 6 0 -12
s 13 17
u 11 14 64
i 12 3 92
d 17 1
s 7 0
i 11 12 34
i 9 14 6
d 9 2
s 7 9
s 6 11
s 15 1
s 4 7
d 15 5
s 12 11
s 17 15
u 14 9 49
d 4 14
d 8 11
i 3 3 87
s 18 6
d 4 19
u 9 10 26
i 14 7 85
s 12 19
i 0 13 43
s 9 13
s 7 5
u 8 4 -11
s 13 0
d 18 12
d 1 19
s 14 0
i 17 5 61
s 8 7
d 10 11
u 17 10 5
s 13 13
i 8 1 25
d 4 18
i 16 18 5
i 19 8 33
i 5 12 84
d 5 2
s 16 6
s 8 16
d 18 11
s 16 0
i 4 15 99
u 10 10 80
s 5 15
i 6 5 77
s 6 2
i 18 10 13
s 18 10
i 11 8 2
s 13 11
u 1 19 41
u 3 2 8
d 4 15
s 9 18
u 5 7 -8
s 18 16
s 17 1
s 0 5
s 4 14
s 7 17
s 13 15
i 14 12 3
d 17 13
s 13 12
s 10 14
i 6 11 32
s 5 18
s 5 7
s 8 2
i 10 8 99
s 5 1
s 16 11
s 15 16
i 19 4 59
d 15 0
s 7 7
i 17 6 83
u 2 19 31
i 12 10 6
s 10 19
d 2 15
u 15 17 -17
i 1 5 52
u 19 0 88
i 6 4 13
s 9 4
s 19 19
s 4 17
s 12 11
i 18 16 65
i 4 9 88
s 3 16
u 0 11 -22
s 13 1
u 3 17 35
s 6 12
s 17 18
i 10 4 39
s 17 19
s 15 8
d 12 1
s 2 6
d 18 0
u 8 8 22
d 2 1
s 2 17
d 8 14
i 17 9 17
s 1 7
u 14 3 78
s 2 4
i 0 12 9
u 15 18 55
i 6 10 95
u 17 17 60
s 10 14
s 15 1
i 11 12 47
s 14 3
s 12 19
i 13 1 79
s 7 4
i 14 2 9
d 12 15
i 2 10 39
s 0 4
i 4 8 53
u 10 19 67
s 15 6
s 6 9
i 7 3 22
s 15 2
i 2 13 36
d 5 1
i 9 0 81
s 16 15
i 12 11 83
d 16 8
s 14 9
d 15 5
s 18 5
u 6 7 30
u 2 7 95
i 12 16 5
u 12 8 47
i 3 18 37
s 3 5
u 17 13 2
i 13 15 53
s 19 16
s 2 4
s 15 10
u 18 14 45
d 19 11
i 6 3 52
s 5 0
s 2 1
s 0 10
d 12 6
s 1 17
s 15 11
s 6 17
s 4 13
u 2 0 12
d 17 11
s 6 1
s 14 3
s 4 18
s 15 0
i 7 2 59
u 1 6 -30
u 2 16 -11
s 11 17
s 14 14
u 9 15 6
i 11 6 55
i 18 8 12
u 16 5 94
d 10 6
d 16 2
i 5 11 2
i 17 19 57
d 2 0
i 1 12 32
s 15 15
i 19 9 96
u 3 10 37
u 18 17 67
d 6 17
d 14 2
s 12 8
i 16 9 68
s 18 4
s 9 2
d 9 11
i 2 9 78
s 4 5
s 3 14
u 6 15 10
s 8 1
i 8 0 49
s 19 17
s 15 12
s 16 5
s 16 6
s 19 3
s 9 3
s 17 16
d 3 6
s 13 14
i 1 7 49
i 17 10 30
s 3 11
u 9 6 18
d 5 15
i 11 8 0
s 16 13
d 16 19
s 19 1
d 5 16
d 1 12
s 4 12
s 12 7
s 11 8
u 6 10 43
s 9 13
s 5 13
s 15 0
s 12 14
s 19 7
s 16 10
u 9 5 -5
u 7 7 46
s 19 14
i 11 6 75
u 4 10 75
i 18 8 57
d 7 8
s 11 4
s 18 0
i 1 18 66
s 7 4
u 2 4 76
d 13 0
i 18 7 98
i 0 7 90
s 2 18
i 13 3 2
i 15 2 52
u 19 7 67
d 7 5
s 9 7
i 9 12 80
s 10 3
i 19 0 80
d 1 9
u 13 6 -1
i 17 18 36
i 2 9 14
u 18 7 82
i 9 14 19
s 18 12
u 8 8 -24
s 7 14
s 16 2
s 8 2
u 0 10 88
d 5 17
d 14 7
s 8 9
u 0 10 20
s 13 13
i 10 3 32
s 18 19
s 11 4
s 12 8
s 8 8
s 16 2
s 3 10
s 11 18
s 14 14
i 2 3 22
d 2 11
s 14 1
s 5 7
s 18 1
i 17 18 43
s 11 2
u 11 18 -18
u 9 18 73
s 8 5
s 17 4
u 11 8 -45
d 1 17
s 4 17
i 10 6 16
s 2 5
s 13 5
s 18 2
i 19 9 61
d 3 11
u 2 2 47
s 5 6
s 9 6
s 10 11
s 6 2
s 7 15
s 12 10
s 1 0
s 2 3
s 17 14
i 3 19 93
i 3 16 26
s 8 19
i 1 15 87
s 4 15
s 18 7
s 5 19
d 11 14
s 2 12
s 19 5
u 19 9 59
d 12 4
d 11 1
s 12 10
s 19 11
i 16 5 1
u 13 2 -44
u 11 5 35
d 19 0
u 0 11 99
s 9 12
s 1 12
s 14 12
s 18 16
d 4 1
s 13 14
s 15 4
u 11 0 61
s 16 0
s 10 7
i 0 1 80
s 13 5
s 17 2
s 6 1
i 15 2 2
i 10 19 23
s 19 13
s 19 9
s 16 16
u 12 14 56
d 19 4
i 7 16 85
s 16 13
s 9 3
s 8 15
i 5 8 60
u 3 13 -21
s 5 5
s 17 6
s 4 0
i 9 15 41
s 2 0
s 17 6
s 8 4
d 18 16
s 1 8
i 13 6 55
s 8 14
i 7 2 40
d 12 19
u 5 3 80
i 7 1 83
s 19 12
s 2 9
d 15 19
d 11 12
u 3 19 -37
s 1 3
s 2 18
d 17 9
d 19 9
d 0 3
s 0 11
d 1 16
s 18 4
i 14 15 40
s 2 18
i 11 16 14
u 1 11 43
i 5 6 12
i 4 8 60
u 19 18 88
s 17 4
s 19 10
s 2 3
s 13 10
s 5 12
d 18 7
s 2 7
s 8 4
i 4 15 64
s 10 0
s 0 12
i 4 11 67
s 9 2
s 16 9
d 11 2
s 13 0
d 17 5
d 17 9
s 12 9
s 16 10
s 14 4
s 7 11
d 9 18
i 7 12 99
s 6 16
u 18 13 -21
s 7 6
i 8 6 36
d 13 12
d 0 18
d 7 6
s 15 7
d 5 18
u 17 6 -22
s 10 13
i 6 17 56
s 0 14
i 8 0 32
s 6 7
d 13 16
s 8 18
i 19 5 30
s 19 7
s 12 10
s 5 16
s 17 4
s 2 13
s 13 3
s 19 2
s 15 18
i 9 7 84
s 4 9
u 19 5 94
d 11 16
s 4 5
u 5 18 34
u 5 7 -40
s 2 19
s 13 1
d 3 9
u 12 1 49
s 17 18
d 10 6
d 5 8
u 16 12 75
s 13 10
i 17 5 73
s 4 11
s 3 13
i 2 15 54
d 19 11
u 14 6 41
i 8 14 61
s 3 14
s 14 16
s 8 18
s 16 11
u 2 1 -13
d 12 14
u 17 4 11
i 9 1 45
d 6 12
s 5 4
s 0 11
i 0 9 90
s 18 14
u 9 5 29
s 5 7
u 16 18 -49
s 12 12
s 19 18
s 6 17
s 1 9
i 9 3 0
i 9 2 16
d 10 5
s 4 13
s 11 14
s 4 8
s 11 14
s 5 5
u 19 4 -38
i 5 6 85
s 4 14
s 15 15
s 8 17
i 17 1 8
s 1 1
s 16 13
s 16 12
s 3 5
s 9 3
s 19 5
s 10 8
s 13 13
s 13 6
i 2 6 6
d 18 19
d 17 15
i 0 7 98
u 19 12 -50
i 14 14 71
s 3 1
u 2 10 -19
u 4 0 53
u 0 15 40
s 1 19
d 6 8
i 9 18 65
u 16 19 80
i 14 11 9
d 7 6
d 2 19
u 6 7 78
u 4 8 -42
u 2 8 34
u 12 7 -30
s 14 2
d 6 11
d 14 3
s 9 0
s 12 4
s 17 1
s 19 15
s 0 11
s 4 4
s 16 14
u 19 6 -38
i 8 13 58
i 13 19 25
s 0 9
s 3 11
s 18 5
d 10 17
s 5 11
i 3 8 73
i 7 6 56
s 10 8
u 0 0 -15
s 16 7
s 7 7
s 10 19
d 11 6
u 19 9 -15
d 3 5
d 5 15
i 2 18 10
d 13 6
s 13 5
u 11 4 34
d 17 0
s 5 2
s 6 4
d 15 3
d 0 8
i 8 7 57
s 5 1
s 0 13
d 19 3
s 18 17
s 1 16
s 5 11
s 3 17
s 13 9
d 8 15
i 16 18 61
s 4 6
i 13 9 8
u 2 14 71
s 18 17
s 15 11
s 5 15
u 6 2 -13
s 18 9
s 8 3
s 19 6
i 7 19 76
u 4 12 17
s 10 6
s 6 12
s 14 12
i 12 13 79
s 9 6
d 16 17
s 11 18
i 4 17 98
s 16 10
d 15 8
s 10 15
s 16 2
s 8 0
s 10 0
s 5 14
s 12 10
d 12 7
i 15 9 70
s 3 3
s 1 6
s 2 0
i 14 19 17
u 6 17 -23
u 9 12 44
i 8 10 75
s 8 0
u 0 14 93
s 16 9
s 12 16
s 19 13
u 17 8 68
s 1 2
d 19 15
s 15 13
s 1 9
u 6 10 53
s 14 16
s 17 14
s 1 8
i 1 14 19
u 3 19 51
s 15 16
u 9 9 9
i 3 10 84
u 13 4 31
s 6 8
u 8 5 -49
d 0 4
i 15 3 78
i 4 0 98
i 6 19 1
u 15 2 15
i 6 5 61
s 4 8
i 8 12 74
d 9 11
s 3 10
s 11 9
i 6 15 71
s 5 19
s 14 19
s 16 3
d 1 14
s 14 7
s 12 12
d 17 6
s 10 8
u 15 7 -3
u 12 19 -31
u 13 5 96
d 5 18
s 6 13
s 7 13
d 19 19
d 16 19
s 2 3
i 4 0 34
s 3 6
s 14 4
s 10 0
u 6 18 -29
s 9 13
i 10 6 97
d 6 8
s 9 19
d 0 9
s 10 11
s 14 19
d 7 19
d 12 3
u 6 9 98
s 8 3
s 10 8
i 10 13 41
i 13 15 19
u 6 6 86
s 2 10
s 13 12
d 18 4
s 3 4
s 1 2
i 12 6 16
i 7 18 27
s 15 4
s 19 9
s 16 7
s 19 8
s 0 3
i 6 2 14
s 0 8
s 4 3
s 3 13
d 5 11
i 14 0 14
d 2 18
s 19 8
s 4 15
s 9 16
s 8 6
s 11 14
s 17 4
s 12 8
i 6 18 78
u 12 8 31
s 13 10
u 14 3 69
s 14 5
i 6 17 78
i 6 9 74
i 9 17 69
d 4 12
u 12 3 -43
u 10 9 99
i 2 2 68
u 4 10 12
s 16 10
s 6 2
s 19 2
s 19 18
s 18 4
d 15 18
s 15 6
s 9 13
s 15 15
i 9 1 91
s 0 11
u 6 19 -39
s 7 0
s 2 15
s 16 17
s 16 16
s 4 7
s 2 13
s 15 4
s 0 14
i 19 3 74
d 7 11
s 10 12
s 1 14
s 16 2
s 6 3
s 2 12
u 2 6 -31
i 10 19 37
s 9 16
s 12 17
s 16 9
s 6 11
d 3 0
d 2 2
s 13 1
s 13 7
s 3 6
d 6 16
u 5 8 50
s 7 11
u 13 6 90
d 6 9
s 2 19
s 14 16
s 16 14
s 5 0
i 7 3 39
d 7 1
s 17 0
s 17 11
s 8 18
i 6 9 71
i 13 17 2
u 0 0 -10
u 5 1 45
u 3 9 15
s 6 19
u 8 17 43
u 6 7 40
s 10 5
s 10 19
s 2 1
d 4 6
i 19 17 67
i 16 5 25
s 8 1
i 15 13 91
s 4 3
s 2 19
s 12 1
i 11 3 36
u 17 7 -21
s 12 6
s 8 2
s 19 18
s 19 9
u 15 3 46
s 14 1
d 13 18
d 0 7
s 15 15
d 18 15
d 10 14
u 2 9 -38
s 2 10
s 18 15
s 1 10
s 5 12
s 7 14
s 12 9
i 1 2 33
s 15 5
s 8 3
d 7 5
s 10 6
s 16 19
s 1 6
d 6 10
d 13 18
s 8 15
i 0 18 36
s 10 13
s 6 17
d 16 13
u 8 19 -45
s 7 13
u 8 0 43
s 3 2
s 11 8
i 3 10 21
s 12 11
s 4 2
i 2 9 90
s 7 2
u 0 17 -36
d 19 8
s 11 5
s 15 13
s 8 11
s 17 15
d 19 13
i 2 6 69
s 19 8
i 16 17 41
s 10 16
u 10 18 49
i 11 0 30
s 19 0
u 11 9 -21
d 7 14
s 17 3
s 2 9
d 18 2
s 14 1
s 8 1
u 7 14 70
u 2 6 -12
u 8 0 57
s 2 5
u 3 5 29
d 4 5
i 16 17 34
u 9 3 -49
i 0 12 71
s 12 0
s 19 1
d 8 5
s 5 7
i 9 6 3
i 4 14 64
i 5 4 10
u 4 14 23
s 13 7
s 6 16
s 7 15
i 2 13 16
i 19 6 23
s 1 12
u 9 9 -25
u 3 9 87
s 3 11
s 16 9
d 4 6
s 16 5
s 11 5
s 18 14
s 14 7
s 0 15
i 7 4 37
u 0 15 -34
s 5 7
s 8 2
s 10 16
s 6 0
d 7 15
s 11 10
i 15 7 77
s 14 14
d 15 5
s 12 15
i 15 11 65
d 7 0
s 15 14
d 14 4
d 14 17
i 1 16 15
d 14 0
i 2 3 63
u 2 5 95
s 3 9
i 10 16 60
s 17 13
s 1 4
d 14 10
u 18 7 -47
u 10 0 76
s 9 12
i 17 19 42
d 19 18
s 19 2
s 0 6
s 11 7
u 2 12 45
u 10 5 33
s 18 16
s 3 17
u 18 17 32
s 6 17
s 19 2
s 18 6
s 4 16
s 13 4
i 12 13 36
i 6 5 59
i 12 4 79
s 15 5
s 14 6
s 4 19
d 15 1
u 2 10 -1
i 17 14 45
s 18 5
s 19 8
i 0 10 23
i 0 15 16
s 10 12
s 5 9
s 4 5
s 7 6
s 3 11
s 17 7
s 12 6
d 4 14
s 16 7
s 3 3
d 16 16
i 17 9 56
s 16 18
s 6 2
i 9 5 9
s 13 5
s 8 2
u 7 16 -27
u 14 19 43
d 17 18
s 7 0
s 13 18
d 8 15
s 9 5
s 16 14
u 13 2 -24
u 9 0 -48
i 4 5 36
u 8 1 5
i 8 17 71
s 11 10
s 19 15
s 10 7
d 8 1
u 16 15 58
u 16 12 35
s 16 11
s 12 14
s 10 5
s 18 11
s 16 1
s 19 8
s 8 9
d 3 13
u 14 12 -50
u 2 7 79
s 3 11
u 12 5 43
d 18 5
i 16 8 8
s 13 9
s 12 18
d 7 17
s 16 18
i 8 3 90
i 3 14 51
s 9 6
i 15 6 0
u 8 8 -42
s 1 7
i 3 6 43
s 2 10
u 17 15 68
d 4 18
s 8 3
s 14 9
s 17 3
d 3 5
u 5 9 4
i 14 18 30
u 17 12 15
s 5 6
s 3 17
s 13 15
s 3 11
i 15 18 14
s 12 0
d 11 11
s 1 6
s 19 11
s 4 19
u 8 10 72
i 19 8 90
s 7 10
s 5 12
s 8 2
s 16 17
u 16 4 12
s 15 6
i 6 7 76
s 2 15
s 0 13
i 12 12 56
i 16 17 63
i 17 18 72
s 4 10
s 9 11
s 11 2
s 19 5
s 14 3
s 6 17
s 17 5
d 2 1
i 8 7 75
s 7 10
s 15 7
i 8 11 80
s 18 19
d 2 13
s 3 12
s 11 17
d 1 18
s 15 7
s 2 6
i 15 2 89
s 14 2
i 6 4 33
s 8 15
s 11 14
i 2 9 29
i 16 9 23
u 10 10 5
u 12 8 66
d 19 3
s 6 2
s 8 19
i 8 1 14
s 14 19
i 11 6 59
i 11 18 70
i 15 17 11
i 11 5 29
i 19 18 89
i 1 0 88
s 5 11
s 11 11
s 15 0
i 3 13 31
i 0 1 55
i 1 10 94
s 11 19
d 5 17
d 11 15
s 3 14
u 8 7 0
s 1 2
u 1 2 -41
d 18 19
i 17 12 13
s 13 8
s 11 18
s 17 14
i 14 19 70
s 5 4
s 13 9
s 2 5
i 19 13 25
d 8 15
d 15 18
s 4 12
u 7 12 36
u 7 5 -16
d 16 14
u 14 1 77
s 6 3
d 6 15
i 17 3 97
d 19 10
d 14 11
i 11 11 97
d 2 15
s 1 9
s 7 17
s 5 3
d 8 5
s 1 0
s 13 2
s 4 9
s 15 2
d 3 13
i 10 10 64
s 13 19
s 18 3
s 1 16
i 13 11 59
s 4 18
s 8 9
s 2 10
s 5 18
s 10 15
s 16 8
i 6 7 89
u 18 14 74
d 16 17
s 2 11
s 12 8
s 7 12
d 6 3
s 9 15
d 3 2
u 0 17 51
s 7 10
i 4 16 3
s 10 13
i 18 16 56
i 10 3 7
i 16 16 23
u 18 12 -49
i 6 0 95
s 12 17
u 2 13 45
s 6 5
s 4 0
s 7 13
i 4 15 58
u 1 17 30
s 13 11
s 18 19
s 15 6
s 12 7
i 1 9 8
s 12 14
d 16 11
s 2 3
s 12 13
s 3 9
u 12 10 14
s 15 11
i 7 12 25
i 5 12 28
s 4 15
s 19 10
i 6 2 55
s 19 14
s 15 3
s 14 13
s 18 19
s 4 14
s 1 3
s 8 7
i 15 16 61
s 15 1
u 8 3 67
d 18 10
s 13 4
s 16 9
s 12 8
s 19 7
d 19 0
i 10 19 77
u 3 8 11
s 3 8
s 5 4
s 0 1
d 11 9
u 3 5 -24
u 18 19 8
u 7 0 -17
s 5 16
s 4 12
s 19 13
s 4 0
s 11 0
s 8 2
s 1 2
u 12 18 8
u 13 10 -46
u 17 9 95
u 8 5 -7
i 19 16 86
i 13 19 62
d 6 18
s 19 18
s 11 12
u 11 11 37
s 14 15
i 5 18 50
i 9 8 10
u 18 17 -3
s 6 9
u 4 1 4
d 0 19
s 3 19
s 16 13
s 0 19
s 11 14
d 17 5
u 6 12 60
s 4 12
i 2 7 30
s 11 4
s 11 13
s 0 13
u 13 19 95
s 2 1
u 18 14 88
s 12 7
i 1 6 36
s 9 16
i 19 18 46
i 4 2 85
u 12 18 62
d 2 9
u 11 5 -16
s 1 10
d 8 7
s 8 5
i 17 13 70
s 12 17
u 3 18 -17
s 11 11
i 7 2 21
s 18 4
i 18 17 76
s 4 19
i 1 4 87
s 10 5
s 13 14
s 17 13
i 10 3 57
d 18 16
i 11 19 38
d 6 19
s 5 18
s 1 16
i 12 13 22
s 10 0
s 13 0
u 16 17 82
u 9 17 39
s 11 19
i 14 0 23
s 17 13
s 4 10
i 3 4 33
s 4 0
s 17 6
u 7 2 20
s 8 13
s 3 1
d 12 11
i 8 19 5
u 0 1 15
u 19 7 -7
s 12 7
s 5 15
d 16 17
s 7 2
s 19 19
i 16 12 84
s 5 7
u 17 3 -28
s 13 11
u 5 19 -41
i 1 11 34
s 5 4
u 13 15 2
i 10 1 37
d 19 7
u 17 9 84
s 16 5
i 19 11 60
d 7 9
s 16 15
d 4 17
i 0 8 82
s 18 0
s 10 5
d 4 3
i 15 0 77
s 8 10
s 3 2
u 3 7 -28
u 10 5 3
s 5 10
d 17 14
d 19 15
d 6 6
i 16 5 40
s 17 0
d 1 0
d 13 1
s 19 0
u 17 6 20
u 19 16 -47
s 14 18
d 13 14
u 0 16 -37
u 13 15 55
d 8 12
u 13 13 -40
s 9 12
u 1 8 74
s 5 18
s 14 17
s 19 3
i 7 7 38
s 17 0
s 2 17
u 19 16 30
s 16 9
s 12 18
u 6 5 -23
u 16 3 88
d 4 10
s 10 19
s 13 9
s 12 9
d 3 19
s 13 10
s 6 18
s 5 11
u 6 6 -45
s 12 16
s 19 12
i 0 8 57
s 7 9
s 2 11
s 7 11
s 10 0
i 18 2 37
i 4 14 4
d 17 3
d 18 6
i 18 9 34
i 2 3 83
u 2 17 8
d 0 17
d 2 1
s 7 1
d 19 9
d 12 15
s 12 8
u 2 2 95
u 13 12 -43
s 5 9
s 12 14
s 12 4
s 1 6
s 0 19
s 14 18
d 10 17
u 16 0 3
s 17 17
i 12 3 3
s 4 19
s 16 16
s 12 9
s 10 9
i 4 12 89
s 12 19
s 7 6
d 0 9
s 6 2
s 9 11
i 5 0 19
i 17 10 55
s 14 15
s 12 7
s 17 13
s 8 6
u 16 2 -37
s 18 1
s 16 0
u 3 0 -14
i 14 19 18
i 5 15 49
d 16 16
u 11 6 -24
d 6 6
s 15 14
s 15 4
s 15 3
s 18 3
u 10 2 80
d 6 4
s 9 18
i 10 3 77
u 19 13 -28
s 2 7
d 13 8
i 6 11 14
s 10 17
s 4 4
s 0 5
u 18 12 84
u 1 7 90
s 8 4
s 16 1
s 18 5
i 6 7 57
s 15 8
s 13 6
s 17 10
s 3 7
s 15 5
s 19 18
s 15 12
s 11 19
u 0 11 -14
u 16 6 36
s 10 15
s 6 14
s 15 17
s 13 19
u 10 3 45
s 13 10
u 15 4 89
d 4 14
s 2 16
s 10 1
s 18 5
d 18 12
s 0 17
s 3 6
u 10 16 64
u 8 19 45
u 14 11 -10
d 6 11
u 8 1 17
s 17 6
d 18 8
u 17 19 70
s 0 10
s 16 12
s 4 11
s 6 4
s 15 4
u 9 13 16
s 7 0
s 11 13
s 7 12
s 13 14
d 17 7
s 0 10
s 12 10
i 4 18 81
s 13 9
s 1 19
s 0 6
s 9 9
s 19 3
i 15 6 28
i 10 0 88
s 17 6
i 7 3 88
u 17 16 25
i 7 18 78
d 2 18
s 2 1
d 18 16
u 14 12 80
u 5 12 85
u 14 14 61
u 8 14 -10
i 16 1 40
s 14 18
d 6 6
s 16 14
s 4 19
s 17 5
s 8 3
s 11 13
s 5 14
s 4 8
d 1 13
s 16 6
d 16 7
s 19 12
s 8 5
u 17 17 -11
s 19 9
s 17 2
s 14 11
s 11 16
d 17 16
s 5 6
s 0 2
s 2 3
d 14 12
d 0 7
d 12 2
s 6 0
i 15 8 70
s 4 6
i 13 4 21
s 11 9
d 16 4
s 3 17
s 6 10
d 16 7
i 18 6 8
i 1 3 74
i 3 16 57
s 7 11
s 1 12
s 10 9
s 9 9
s 11 10
d 19 3
s 8 10
i 7 10 66
s 19 11
d 18 4
s 14 10
s 13 16
s 6 5
s 0 4
d 3 14
s 18 9
s 0 19
d 9 3
s 17 8
s 9 12
d 18 18
i 8 10 97
u 1 5 -41
u 3 17 94
s 1 19
s 6 9
d 6 13
s 10 0
s 11 11
s 3 18
s 4 9
s 18 2
u 19 11 56
u 17 18 89
s 17 19
u 1 4 12
u 0 0 9
s 2 15
s 2 2
s 13 1
s 15 6
d 10 18
s 10 12
i 14 9 13
u 4 1 -36
u 18 17 16
u 3 7 -43
s 16 18
s 7 13
s 17 6
s 6 17
s 14 3
s 15 4
i 6 10 75
s 0 4
s 9 12
i 14 19 32
s 1 8
i 13 12 92
i 9 10 49
i 16 15 68
i 0 13 87
u 3 7 -49
s 8 11
u 10 3 91
d 17 8
d 18 9
s 10 8
s 11 6
i 1 8 11
s 10 0
d 8 11
s 1 9
d 16 4
s 18 17
i 6 3 65
u 11 17 -39
d 2 5
s 11 19
s 15 19
s 8 6
s 17 11
s 8 4
d 15 15
s 15 12
u 12 5 54
s 12 8
s 7 9
s 6 15
s 12 17
d 0 13
s 13 16
s 17 3
s 6 3
d 5 3
s 5 13
s 17 18
s 12 14
d 13 2
u 16 17 -21
d 8 0
u 13 4 41
d 3 11
u 9 14 51
i 9 18 5
d 11 13
i 17 17 13
s 4 10
u 3 8 -5
i 16 2 12
i 17 3 58
u 4 19 96
s 13 3
s 14 14
i 9 6 48
u 3 2 -43
s 16 2
s 18 12
s 19 1
d 8 15
d 1 5
d 19 1
s 1 19
i 13 8 4
d 12 10
i 1 3 76
u 7 15 63
s 4 17
d 9 11
s 2 8
d 0 17
u 7 12 -7
u 6 11 50
s 5 14
s 10 2
s 6 9
d 9 3
s 8 12
d 6 6
s 8 10
s 3 11
s 11 15
d 1 3
s 16 4
i 15 3 84
s 16 7
s 8 9
s 18 16
s 1 7
u 14 13 37
s 2 16
s 9 15
i 9 18 53
s 19 18
s 12 19
d 6 1
s 14 19
i 3 18 2
s 16 4
s 15 16
u 11 16 43
d 17 18
s 14 3
s 12 5
i 12 10 57
i 5 5 6
i 16 7 39
i 18 16 12
s 16 16
s 1 2
s 16 1
u 11 2 -9
i 9 2 98
s 5 7
s 16 8
s 15 14
d 17 13
s 19 14
d 15 12
i 14 13 80
s 15 14
d 12 10
s 7 1
s 9 13
s 4 3
s 17 12
u 3 5 47
s 3 18
i 15 5 57
s 10 12
s 9 18
d 11 12
i 11 17 6
u 15 12 77
i 2 2 23
s 0 1
i 2 1 38
i 0 16 57
s 7 9
s 2 15
i 3 6 85
s 4 1
s 1 14
s 14 7
s 17 17
s 13 17
s 13 18
s 12 1
s 7 2
s 3 0
s 19 19
d 0 1
i 7 6 94
i 13 3 4
s 10 5
d 0 0
s 18 1
d 10 14
s 9 18
i 17 15 90
s 16 5
u 18 9 49
s 1 5
s 9 19
s 4 12
u 3 7 -12
u 9 4 -25
s 11 4
s 6 17
s 13 18
s 3 8
u 15 19 43
s 13 15
s 10 17
s 13 1
i 3 17 30
s 1 9
s 17 10
s 19 14
d 0 12
u 18 2 -4
i 0 13 78
d 2 19
d 14 4
s 11 0
d 2 13
s 5 9
d 13 10
i 8 11 21
s 9 1
i 4 10 54
d 4 18
s 0 17
s 2 5
d 19 17
s 6 11
s 16 11
s 4 1
u 16 7 -17
i 11 13 96
s 19 5
s 2 7
u 4 2 -43
s 19 16
d 18 18
s 10 0
s 16 16
u 7 7 -45
s 19 19
u 3 17 44
s 0 2
s 4 11
s 4 11
u 7 16 -23
u 15 16 58
u 16 7 51
d 0 9
d 14 0
i 8 17 45
d 0 18
i 10 7 85
d 9 15
d 1 18
u 12 0 99
u 19 4 96
i 6 10 82
d 10 7
s 15 6
i 16 12 21
u 14 19 34
i 7 19 3
d 12 2
s 11 5
i 8 1 77
d 12 13
s 6 4
s 5 16
s 5 15
s 17 4
s 16 3
u 9 19 62
u 13 9 -26
u 14 14 26
d 9 15
s 1 17
i 5 17 2
i 10 12 74
d 0 5
s 15 3
s 18 9
i 0 17 91
s 6 8
s 3 13
s 0 14
i 1 7 93
s 5 7
i 19 4 19
i 15 4 85
s 3 14
u 9 10 86
s 6 6
i 8 4 3
s 2 9
i 10 5 62
s 5 16
d 1 16
u 16 12 66
s 14 16
u 13 11 -41
s 2 5
i 1 1 47
s 5 19
s 1 1
s 3 17
s 17 7
s 2 4
s 16 19
i 18 7 20
d 10 11
d 2 16
d 18 6
d 2 6
s 4 6
u 10 12 24
i 3 11 61
i 11 1 57
s 2 11
d 5 15
s 7 16
i 18 8 44
s 15 8
d 5 12
s 3 11
d 6 19
s 9 14
u 13 15 68
i 13 11 58
i 8 3 59
s 3 14
s 4 8
s 5 8
s 13 14
u 0 17 -43
s 14 15
i 12 1 87
i 6 17 29
s 16 18
s 6 2
s 13 2
u 4 12 -33
u 0 14 71
s 5 15
s 3 7
d 5 5
s 17 10
u 9 10 -20
s 7 12
s 13 17
s 11 4
i 8 9 51
d 16 12
i 14 2 80
d 4 9
s 17 13
d 12 15
s 5 1
d 13 4
s 8 18
u 13 7 25
d 10 11
s 19 13
d 16 10
d 14 16
s 8 9
s 17 10
s 11 15
s 5 15
s 9 6
i 6 0 4
s 12 7
s 0 4
d 7 16
d 7 0
s 7 3
s 10 11
s 7 19
s 17 11
s 18 17
s 17 9
s 14 10
d 14 10
s 18 13
d 14 19
d 8 19
s 1 7
u 13 0 -6
i 9 8 49
s 5 7
u 14 17 35
d 7 2
d 13 8
s 9 7
i 19 2 25
i 2 5 0
s 15 6
s 17 16
d 11 13
s 14 2
s 1 10
s 11 12
s 6 3
u 16 8 67
i 13 3 87
i 13 2 30
s 19 17
d 15 8
d 1 17
s 3 15
s 9 8
i 12 7 15
s 10 10
s 6 15
s 18 10
s 19 8
i 3 9 48
i 3 5 32
d 6 4
s 5 7
s 4 1
u 13 19 35
s 17 11
s 5 12
s 12 4
s 10 12
i 17 4 36
s 13 8
i 16 19 20
u 12 6 76
s 9 6
s 9 13
u 3 17 -2
s 5 7
i 2 18 68
s 0 3
s 19 13
s 7 10
d 11 3
i 13 12 67
i 1 0 78
s 13 7
u 16 12 -15
s 2 8
d 11 13
s 12 3
d 16 5
d 18 7
i 5 5 60
u 12 8 -41
d 6 15
s 15 4
u 11 19 55
d 2 9
s 7 16
i 17 7 17
s 16 10
s 4 12
s 7 14
s 9 15
s 17 12
d 4 18
i 0 12 98
s 11 5
s 14 7
s 9 17
s 15 12
d 15 0
d 14 8
d 6 1
u 1 13 74
d 10 17
s 14 6
d 17 7
s 11 11
d 7 14
s 3 18
s 14 0
s 12 18
u 16 3 62
s 11 18
s 12 8
s 11 1
u 15 8 -28
d 7 11
u 3 14 -41
s 8 14
i 17 6 85
d 10 3
s 11 16
s 11 14
u 1 0 80
i 0 3 39
s 5 8
u 14 16 18
s 13 11
i 5 5 28
u 15 3 18
d 6 16
s 3 12
s 5 14
i 9 4 50
s 15 11
u 17 13 -47
s 16 3
d 16 1
i 11 19 82
s 6 2
s 4 3
u 2 13 32
s 4 1
d 14 12
i 8 9 61
u 17 0 44
s 5 3
d 7 19
d 3 4
s 6 16
s 3 15
u 7 8 85
u 10 1 -18
s 1 12
s 17 1
s 10 7
s 4 12
s 8 8
d 11 14
d 12 18
s 5 9
u 1 15 39
s 11 7
s 17 4
i 5 7 1
u 8 1 -11
d 9 17
i 11 3 47
s 4 2
d 13 9
s 9 11
i 12 17 72
s 17 0
u 8 2 -6
d 9 1
u 19 5 -5
d 0 17
u 9 16 -5
u 3 17 49
d 10 17
u 17 4 45
s 6 17
d 13 11
s 18 16
u 16 8 6
u 1 0 25
d 2 9
s 14 17
s 7 4
s 13 19
s 2 18
i 0 19 61
d 9 0
d 9 17
s 8 15
i 5 2 49
d 9 0
d 8 0
i 8 10 36
i 7 3 8
i 15 5 39
i 14 7 7
s 2 5
s 9 4
d 12 8
s 17 14
s 8 3
s 12 3
u 18 4 73
i 5 3 2
s 5 12
s 0 8
s 10 5
u 7 4 29
u 2 19 33
d 3 13
d 0 13
i 18 14 24
d 1 8
s 3 12
d 12 18
u 19 0 42
i 13 17 71
s 7 1
s 3 14
d 17 8
i 19 5 15
s 14 12
s 7 12
u 17 11 -15
s 16 5
i 11 3 29
u 13 17 74
s 10 13
u 12 19 93
u 8 8 53
i 14 6 56
d 5 4
s 3 9
s 3 16
d 11 14
s 10 7
s 13 0
i 10 7 0
s 18 13
s 6 4
s 13 8
u 3 2 10
s 18 11
d 14 10
s 6 9
d 16 8
s 10 2
d 2 4
s 8 2
s 3 10
s 7 16
d 19 16
u 15 7 41
d 19 0
u 12 0 45
s 1 5
d 19 13
s 13 6
i 14 11 21
d 8 13
i 2 6 83
s 12 4
i 4 10 63
u 0 8 -11
s 9 16
u 11 6 -31
s 13 6
s 18 12
i 3 18 33
s 17 8
u 13 18 -6
s 1 8
d 13 6
s 13 14
s 7 2
s 11 5
i 19 8 24
s 11 9
d 3 0
s 5 10
u 0 8 5
d 3 7
s 2 15
s 16 19
d 7 8
s 5 9
i 13 0 72
u 4 18 44
u 15 3 -49
s 19 6
u 14 10 48
i 4 9 9
s 13 10
i 2 3 87
s 12 4
s 9 4
d 17 13
d 16 4
u 2 12 -34
i 0 4 17
s 1 14
s 15 15
i 10 12 91
s 3 10
s 9 2
s 2 19
s 12 17
s 7 7
u 17 11 84
s 6 7
s 11 12
s 7 5
s 5 17
s 18 19
s 6 9
s 6 10
u 12 9 4
s 10 0
d 7 16
i 18 6 22
s 15 3
u 10 15 25
s 10 18
i 15 19 16
s 17 2
s 16 16
u 4 6 83
s 14 18
s 6 3
s 5 18
s 1 17
s 4 12
d 12 18
s 13 3
s 4 2
s 18 0
i 16 7 0
s 1 17
s 6 12
s 7 15
u 4 19 32
d 12 14
d 3 11
s 5 15
s 4 2
s 4 16
u 2 5 86
s 8 0
d 19 14
s 5 9
s 16 13
s 13 11
i 2 15 39
d 12 5
i 19 7 74
s 15 2
s 13 5
s 7 18
d 14 6
d 14 1
s 2 13
s 16 1
u 18 0 2
s 1 10
s 1 16
u 15 7 -27
u 12 17 32
i 13 6 62
u 13 15 27
u 5 3 15
s 5 11
u 8 0 -47
s 13 9
s 17 4
s 12 8
s 2 8
i 16 17 18
s 8 4
s 13 12
s 0 10
s 15 1
d 11 3
i 3 6 64
s 16 9
s 0 0
i 4 6 17
u 19 16 96
d 0 6
i 9 18 64
s 6 0
s 15 5
u 19 18 49
s 15 9
s 3 13
d 12 13
i 9 19 71
s 18 18
s 9 11
s 1 18
u 3 19 -7
s 19 13
s 9 5
s 11 14
s 11 9
i 4 18 22
s 12 18
i 12 18 85
s 1 14
d 1 7
s 13 14
s 14 3
i 11 8 63
s 13 4
u 8 18 81
s 18 2
u 13 10 -41
u 0 12 -28
d 11 18
s 13 11
d 15 1
s 17 9
s 18 5
s 1 18
s 4 13
s 11 3
s 4 6
i 7 8 64
u 16 11 2
s 17 6
s 2 0
s 9 18
s 12 8
u 7 11 97
u 2 3 -13
i 9 12 86
s 7 9
i 2 3 74
i 10 9 39
d 1 1
i 11 11 54
u 15 13 -40
s 3 5
s 16 14
s 3 11
s 5 3
s 4 10
i 11 12 28
s 12 2
d 18 10
s 6 4
d 18 1
s 11 1
d 4 8
s 1 6
d 10 3
s 6 5
d 19 7
i 18 13 86
s 4 4
s 4 4
s 19 7
i 12 9 44
s 8 10
s 6 10
d 8 4
s 9 6
d 6 10
d 1 3
s 19 15
d 17 6
u 10 6 -33
s 8 5
s 7 2
s 18 3
d 10 8
d 5 6
s 16 8
s 18 10
s 2 2
s 3 12
i 12 3 34
s 9 13
d 14 2
s 2 14
d 2 13
s 11 15
i 1 0 50
s 18 4
u 0 2 -18
s 13 17
s 6 1
s 1 11
s 10 5
s 16 4
s 6 0
u 18 17 96
i 8 6 59
i 5 7 59
i 13 12 46
d 12 11
s 19 11
s 10 18
s 11 2
u 1 19 10
i 17 8 11
u 5 4 19
i 4 12 42
i 1 3 29
s 17 9
s 10 17
s 10 3
s 5 9
i 5 4 50
s 5 0
d 15 16
d 6 10
s 8 9
s 11 1
s 5 9
s 8 0
d 13 14
s 0 12
d 19 2
s 1 12
s 16 3
s 4 7
s 3 4
s 3 13
d 0 14
i 10 18 76
u 1 16 44
u 12 10 49
s 14 3
u 16 11 -30
i 6 3 0
u 5 2 -23
d 5 2
i 15 10 97
d 2 18
i 16 9 73
s 0 1
s 11 2
u 14 6 3
s 3 18
u 15 11 21
s 18 19
s 6 16
d 2 16
s 16 0
s 1 10
d 3 19
u 9 6 20
s 3 6
s 8 11
d 5 16
i 2 1 80
i 13 2 50
s 6 9
d 15 13
i 4 15 67
s 10 10
s 12 11
s 3 13
d 8 14
d 4 3
s 12 7
u 5 17 67
s 5 10
i 2 18 69
s 14 16
s 16 1
s 7 13
s 1 5
s 5 18
d 9 13
i 19 5 23
d 3 16
i 7 15 37
u 13 19 96
s 9 14
d 11 12
u 0 17 91
d 5 15
s 19 15
d 5 14
s 9 11
s 18 2
s 2 3
s 19 4
s 11 2
d 10 9
i 0 14 42
i 11 6 34
d 15 6
u 13 0 2
s 12 0
s 18 8
i 19 4 12
s 1 19
s 11 12
i 13 10 21
i 11 8 17
s 12 13
s 7 5
i 3 8 29
s 9 14
s 15 10
s 1 12
s 15 7
s 1 19
d 17 19
u 10 18 31
s 9 2
s 9 7
i 15 10 12
d 14 17
s 18 0
s 8 17
s 15 1
u 14 15 10
d 19 14
d 14 14
u 0 12 -38
i 11 16 52
s 5 3
s 3 19
s 0 15
d 19 16
s 11 9
s 8 0
s 3 7
u 8 11 1
d 3 19
s 8 15
i 2 8 97
s 9 4
s 4 7
u 0 10 -35
u 0 0 5
s 10 3
i 5 17 66
u 0 15 -16
i 4 19 60
s 18 16
s 10 7
u 15 4 -18
s 10 18
u 5 16 -39
s 15 2
d 9 3
s 5 2
u 19 5 -32
d 1 13
d 6 13
s 9 19
s 11 4
u 12 5 23
i 16 0 18
s 12 14
d 11 17
d 5 5
s 5 5
d 11 6
d 12 0
i 14 19 45
i 14 11 93
s 16 16
s 5 19
i 2 16 44
d 13 9
u 13 17 -33
u 19 10 13
s 19 1
u 8 5 90
s 9 14
s 19 19
d 15 2
s 11 12
d 10 7
u 4 12 -27
d 0 10
d 19 0
s 17 13
s 2 13
s 9 18
s 14 2
s 13 4
d 0 19
s 4 14
d 3 5
d 13 0
s 11 5
s 16 19
d 9 4
s 12 19
s 1 7
s 17 7
d 5 8
s 6 1
i 11 17 88
s 0 3
d 15 14
i 15 17 7
s 11 15
u 10 3 -21
s 11 6
s 4 16
u 18 16 47
s 10 2
d 2 6
u 4 4 61
d 16 1
s 6 16
s 3 11
u 18 2 51
u 13 15 15
d 7 7
d 14 2
u 17 4 -50
s 1 1
d 8 0
s 9 5
u 10 17 -18
i 13 14 68
s 3 19
i 14 5 10
s 13 15
s 11 17
s 8 16
u 11 18 72
i 16 16 47
s 1 5
s 10 0
s 9 19
i 4 10 23
u 8 13 66
s 9 16
u 15 12 92
d 3 15
s 0 18
s 19 18
s 10 4
s 12 9
s 9 17
u 8 8 42
s 0 3
d 14 16
d 1 8
d 0 9
i 7 11 99
i 4 5 10
d 4 7
d 7 11
u 9 9 33
u 11 1 -30
s 18 8
u 4 15 98
s 2 7
s 18 9
d 10 9
s 8 19
s 10 4
i 0 3 35
u 8 18 -14
s 2 9
u 7 16 20
i 1 12 52
s 3 11
s 17 14
u 17 7 -44
u 7 11 69
s 15 10
s 0 18
i 6 4 95
s 1 5
d 14 11
u 6 12 22
s 2 18
s 11 11
u 0 0 86
i 9 4 92
s 0 4
i 11 13 1
u 0 8 -1
s 14 19
d 16 2
u 17 9 36
s 10 17
s 18 15
d 11 17
s 19 9
d 16 5
d 17 13
i 4 2 19
s 3 13
i 9 3 86
s 2 13
i 5 5 37
s 4 10
s 10 2
s 14 13
i 5 2 55
s 0 2
s 7 11
s 13 11
s 15 3
u 11 12 -41
s 7 15
u 0 13 -1
s 5 6
d 16 9
i 12 7 3
s 8 11
i 17 19 87
s 10 9
s 5 8
d 4 17
u 16 18 -4
s 12 5
